0.00000 0.00000 0.37505 0.00000 0.00000 0.00000
0.00000 0.00000 0.37505 0.00000 0.37505 0.75010
0.00000 0.00000 0.00000 0.37505 0.75010 0.37505
0.75010 0.37505 0.00000 0.00000 0.37505 0.37505
0.00000 0.37505 0.00000 0.00000 0.00000 0.00000
0.00000 0.00000 0.00000 0.00000 0.37505 0.37505
0.00000 0.75010 0.00000 0.00000 0.37505 0.37505
0.37505 0.00000 0.00000 0.00000 0.00000 0.37505
0.00000 0.37505 0.00000 0.00000 0.37505 0.00000
0.00000 0.00000 0.00000 0.00000 0.00000 0.75010
0.00000 0.75010 0.37505 0.00000 0.37505 0.75010
0.00000 0.37505 0.00000 0.00000 0.37505 0.37505
0.00000 0.00000 0.37505 0.00000 0.00000 0.00000
0.00000 0.00000 0.37505 0.00000 0.00000 0.00000
0.00000 0.00000 0.00000 0.00000 0.00000 0.00000
0.00000 0.00000 0.00000 0.00000 0.75010 0.00000
0.37505 0.00000 0.00000 0.00000 0.00000 0.37505
0.00000 0.00000 0.37505 0.00000 0.37505 0.00000
0.00000 0.00000 0.00000 0.00000 0.37505 0.00000
0.00000 0.00000 0.00000 0.00000 0.37505 0.37505
0.00000 0.37505 0.00000 0.00000 0.00000 0.37505
0.00000 0.37505 0.00000 0.00000 0.37505 0.00000
0.00000 0.00000 0.00000 0.00000 0.37505 0.37505
0.00000 0.00000 0.00000 0.00000 0.37505 0.00000
0.00000 0.00000 0.00000 0.00000 0.00000 0.37505
0.00000 0.37505 0.00000 0.00000 0.00000 0.37505
0.37505 0.37505 0.00000 0.00000 0.00000 0.37505
0.00000 0.00000 0.00000 0.00000 0.00000 0.37505
0.37505 0.37505 0.37505 0.00000 0.37505 0.37505
0.37505 0.00000 0.00000 0.00000 0.00000 0.37505
0.00000 0.37505 0.37505 0.00000 0.37505 0.00000
0.00000 0.75010 0.00000 0.00000 0.00000 0.37505
0.00000 0.37505 0.00000 0.37505 0.37505 0.37505
0.00000 0.00000 0.37505 0.00000 0.00000 0.00000
0.00000 0.00000 0.00000 0.37505 0.37505 0.37505
0.37505 0.37505 0.37505 0.00000 0.37505 0.00000
0.00000 0.00000 0.00000 0.00000 0.00000 0.37505
0.00000 0.37505 0.00000 0.00000 0.75010 0.00000
0.00000 0.00000 0.00000 0.00000 0.75010 0.37505
0.00000 0.00000 0.00000 0.00000 0.37505 0.75010
0.37505 0.00000 0.37505 0.00000 0.37505 0.00000
0.00000 0.00000 0.00000 0.00000 0.37505 0.37505
0.00000 0.00000 0.00000 0.00000 0.75010 0.00000
0.00000 0.00000 0.00000 0.00000 0.37505 0.37505
0.00000 0.37505 0.00000 0.00000 0.37505 0.37505
0.00000 0.00000 0.00000 0.00000 0.37505 0.37505
0.00000 0.37505 0.00000 0.00000 0.37505 0.37505
0.00000 0.37505 0.00000 0.00000 0.37505 0.75010
0.00000 0.00000 0.00000 0.00000 0.37505 0.37505
0.00000 0.37505 0.37505 0.00000 0.00000 0.37505
0.00000 0.00000 0.00000 0.00000 0.00000 0.00000
0.00000 0.00000 0.00000 0.00000 0.00000 0.75010
0.00000 0.37505 0.00000 0.00000 0.00000 0.37505
0.00000 0.00000 0.00000 0.00000 0.00000 0.37505
0.00000 0.37505 0.00000 0.00000 0.00000 0.75010
0.37505 0.00000 0.00000 0.00000 0.00000 0.37505
0.00000 0.37505 0.00000 0.00000 0.75010 0.37505
0.00000 0.00000 0.00000 0.00000 0.37505 0.37505
0.37505 0.00000 0.00000 0.00000 0.37505 0.37505
0.00000 0.00000 0.00000 0.00000 0.37505 0.75010
0.00000 0.37505 0.00000 0.00000 0.00000 0.75010
0.37505 0.37505 0.00000 0.00000 0.00000 0.37505
0.00000 0.00000 0.00000 0.00000 0.00000 0.37505
0.00000 0.00000 0.00000 0.00000 0.00000 0.00000
0.00000 0.00000 0.00000 0.00000 0.75010 0.00000
0.00000 0.00000 0.00000 0.00000 0.37505 0.00000
0.00000 0.37505 0.37505 0.00000 0.37505 0.00000
0.00000 0.00000 0.00000 0.00000 0.00000 0.00000
0.00000 0.00000 0.00000 0.00000 0.00000 0.00000
0.37505 0.00000 0.00000 0.00000 0.75010 0.37505
0.00000 0.00000 0.00000 0.37505 0.37505 0.37505
0.00000 0.37505 0.00000 0.00000 0.00000 0.00000
0.00000 0.00000 0.00000 0.37505 0.37505 0.00000
0.00000 0.00000 0.00000 0.00000 0.00000 0.00000
0.00000 0.00000 0.00000 0.00000 0.37505 0.37505
0.00000 0.00000 0.00000 0.00000 0.00000 0.37505
0.00000 0.37505 0.75010 0.37505 0.00000 0.00000
0.75010 0.37505 0.37505 1.12515 1.12515 1.50020
12.37662 9.75127 3.37544 2.62534 9.37622 14.62691
8.62613 4.50059 3.37544 0.00000 3.00039 4.50059
14.62691 10.50137 5.25069 2.62534 4.50059 10.12632
11.25147 10.87642 6.00078 4.87564 6.75088 14.62691
16.87720 17.62730 7.12593 5.62573 4.50059 16.87720
26.62848 17.62730 6.00078 3.75049 6.00078 21.75284
35.25460 22.87799 14.62691 4.12554 6.75088 28.12867
31.87916 23.25303 6.37583 7.50098 0.37505 20.62769
33.37936 25.87838 12.37662 7.12593 15.37701 25.12828
51.75676 32.62926 6.75088 4.50059 1.12515 34.87955
57.00744 7.87603 0.00000 2.25029 0.37505 37.12985
60.38288 36.75480 0.00000 3.75049 0.37505 37.50489
68.63396 37.50489 13.50176 4.12554 0.00000 33.75441
81.38562 45.75597 8.25108 5.25069 0.37505 43.50568
73.50959 49.50646 12.75166 1.50020 1.12515 42.38053
73.50959 41.63043 9.00117 2.25029 2.25029 37.50489
62.63317 40.88034 1.87524 5.25069 0.37505 34.50450
34.12945 45.38092 1.12515 23.25303 3.75049 26.25343
