0.00000 0.00000 17.64284 0.00000 0.00000 0.00000
0.00000 0.00000 17.64284 0.00000 17.64284 35.28568
0.00000 0.00000 0.00000 17.60909 35.21817 17.60909
35.24067 17.62034 0.00000 0.00000 17.62034 17.62034
0.00000 17.64284 0.00000 0.00000 0.00000 0.00000
0.00000 0.00000 0.00000 0.00000 17.62034 17.62034
0.00000 35.21817 0.00000 0.00000 17.60909 17.60909
17.64284 0.00000 0.00000 0.00000 0.00000 17.64284
0.00000 17.65409 0.00000 0.00000 17.65409 0.00000
0.00000 0.00000 0.00000 0.00000 0.00000 35.24067
0.00000 35.30819 17.65409 0.00000 17.65409 35.30819
0.00000 17.63159 0.00000 0.00000 17.63159 17.63159
0.00000 0.00000 16.63018 0.00000 0.00000 0.00000
0.00000 0.00000 17.64284 0.00000 0.00000 0.00000
0.00000 0.00000 0.00000 0.00000 0.00000 0.00000
0.00000 0.00000 0.00000 0.00000 35.24067 0.00000
17.65409 0.00000 0.00000 0.00000 0.00000 17.65409
0.00000 0.00000 17.63159 0.00000 17.63159 0.00000
0.00000 0.00000 0.00000 0.00000 16.67519 0.00000
0.00000 0.00000 0.00000 0.00000 17.63159 17.63159
0.00000 17.63159 0.00000 0.00000 0.00000 17.63159
0.00000 17.63159 0.00000 0.00000 17.63159 0.00000
0.00000 0.00000 0.00000 0.00000 17.62034 17.62034
0.00000 0.00000 0.00000 0.00000 17.64284 0.00000
0.00000 0.00000 0.00000 0.00000 0.00000 16.43890
0.00000 17.65409 0.00000 0.00000 0.00000 17.65409
17.62034 17.62034 0.00000 0.00000 0.00000 17.62034
0.00000 0.00000 0.00000 0.00000 0.00000 17.63159
17.62034 17.62034 17.62034 0.00000 17.62034 17.62034
17.62034 0.00000 0.00000 0.00000 0.00000 17.62034
0.00000 17.62034 17.62034 0.00000 17.62034 0.00000
0.00000 35.24067 0.00000 0.00000 0.00000 17.62034
0.00000 17.64284 0.00000 17.64284 17.64284 17.64284
0.00000 0.00000 17.62034 0.00000 0.00000 0.00000
0.00000 0.00000 0.00000 17.64284 17.64284 17.64284
16.60767 16.60767 16.60767 0.00000 16.60767 0.00000
0.00000 0.00000 0.00000 0.00000 0.00000 17.63159
0.00000 17.63159 0.00000 0.00000 35.26318 0.00000
0.00000 0.00000 0.00000 0.00000 35.28568 17.64284
0.00000 0.00000 0.00000 0.00000 17.62034 35.24067
17.63159 0.00000 17.63159 0.00000 17.63159 0.00000
0.00000 0.00000 0.00000 0.00000 17.64284 17.64284
0.00000 0.00000 0.00000 0.00000 35.24067 0.00000
0.00000 0.00000 0.00000 0.00000 17.62034 17.62034
0.00000 17.63159 0.00000 0.00000 17.63159 17.63159
0.00000 0.00000 0.00000 0.00000 17.64284 17.64284
0.00000 16.52891 0.00000 0.00000 16.52891 16.52891
0.00000 17.62034 0.00000 0.00000 17.62034 35.24067
0.00000 0.00000 0.00000 0.00000 17.62034 17.62034
0.00000 17.64284 17.64284 0.00000 0.00000 17.64284
0.00000 0.00000 0.00000 0.00000 0.00000 0.00000
0.00000 0.00000 0.00000 0.00000 0.00000 35.24067
0.00000 16.66393 0.00000 0.00000 0.00000 16.66393
0.00000 0.00000 0.00000 0.00000 0.00000 17.62034
0.00000 17.62034 0.00000 0.00000 0.00000 35.24067
17.63159 0.00000 0.00000 0.00000 0.00000 17.63159
0.00000 17.64284 0.00000 0.00000 35.28568 17.64284
0.00000 0.00000 0.00000 0.00000 17.63159 17.63159
17.62034 0.00000 0.00000 0.00000 17.62034 17.62034
0.00000 0.00000 0.00000 0.00000 17.63159 35.26318
0.00000 17.64284 0.00000 0.00000 0.00000 35.28568
17.62034 17.62034 0.00000 0.00000 0.00000 17.62034
0.00000 0.00000 0.00000 0.00000 0.00000 17.63159
0.00000 0.00000 0.00000 0.00000 0.00000 0.00000
0.00000 0.00000 0.00000 0.00000 35.28568 0.00000
0.00000 0.00000 0.00000 0.00000 17.62034 0.00000
0.00000 17.63159 17.63159 0.00000 17.63159 0.00000
0.00000 0.00000 0.00000 0.00000 0.00000 0.00000
0.00000 0.00000 0.00000 0.00000 0.00000 0.00000
17.10275 0.00000 0.00000 0.00000 34.20551 17.10275
0.00000 0.00000 0.00000 17.62034 17.62034 17.62034
0.00000 17.64284 0.00000 0.00000 0.00000 0.00000
0.00000 0.00000 0.00000 17.64284 17.64284 0.00000
0.00000 0.00000 0.00000 0.00000 0.00000 0.00000
0.00000 0.00000 0.00000 0.00000 16.73144 16.73144
0.00000 0.00000 0.00000 0.00000 0.00000 16.38264
0.00000 17.62034 35.24067 17.62034 0.00000 0.00000
35.21817 17.60909 17.60909 52.82726 52.82726 70.43634
572.55970 451.10764 156.15264 121.45206 433.75735 676.66146
402.67984 210.09383 157.57037 0.00000 140.06255 210.09383
645.50519 463.43963 231.71981 115.85991 198.61698 446.88821
519.83371 502.50592 277.24464 225.26127 311.90022 675.78382
778.23157 812.81964 328.58666 259.41052 207.52842 778.23157
1221.48544 808.58896 275.26433 172.04020 275.26433 997.83318
1597.08218 1036.40439 662.61920 186.89259 305.82425 1274.26769
1448.95207 1056.88269 289.79041 340.92990 17.04649 937.55722
1509.12676 1169.99715 559.56386 322.17313 695.21570 1136.08419
2330.67780 1469.34036 304.00145 202.66764 50.66691 1570.67417
2589.35696 357.74011 0.00000 102.21146 17.03524 1686.48907
2722.74719 1657.32438 0.00000 169.11473 16.91147 1691.14732
3063.91338 1674.26960 602.73706 184.16966 0.00000 1506.84264
3496.43302 1965.73654 354.47708 225.57632 16.11259 1869.06097
3270.54165 2202.60968 567.33886 66.74575 50.05931 1885.56738
3266.13094 1849.69660 399.93440 99.98360 99.98360 1666.39334
2803.54645 1829.85966 83.93852 235.02785 16.78770 1544.46870
1536.89623 2043.56532 50.66691 1047.11612 168.88970 1182.22787
