17.64284
70.57136
70.43634
88.10169
17.64284
35.24067
70.43634
35.28568
35.30819
35.24067
105.92456
52.89477
16.63018
17.64284
0.00000
35.24067
35.30819
35.26318
16.67519
35.26318
35.26318
35.26318
35.24067
17.64284
16.43890
35.30819
52.86101
17.63159
88.10169
35.24067
52.86101
52.86101
70.57136
17.62034
52.92852
66.43070
17.63159
52.89477
52.92852
52.86101
52.89477
35.28568
35.24067
35.24067
52.89477
35.28568
49.58673
70.48135
35.24067
52.92852
0.00000
35.24067
33.32787
17.62034
52.86101
35.26318
70.57136
35.26318
52.86101
52.89477
52.92852
52.86101
17.63159
0.00000
35.28568
17.62034
52.89477
0.00000
0.00000
68.41102
52.86101
17.64284
35.28568
0.00000
33.46289
16.38264
70.48135
246.52720
2411.69085
1120.50043
2102.02974
2512.52959
3164.80837
3750.47643
5063.09030
4091.15879
5392.16079
5928.02833
4752.83284
6257.24509
7031.93234
7927.39653
8042.86263
7382.12248
6513.62888
6029.36215
