47.04144
47.04144
46.95143
46.98143
47.04144
46.98143
46.95143
47.04144
47.07144
46.98143
47.07144
47.01143
44.34135
47.04144
46.95143
46.98143
47.07144
47.01143
44.46136
47.01143
47.01143
47.01143
46.98143
47.04144
43.83134
47.07144
46.98143
47.01143
46.98143
46.98143
46.98143
46.98143
47.04144
46.98143
47.04144
44.28135
47.01143
47.01143
47.04144
46.98143
47.01143
47.04144
46.98143
46.98143
47.01143
47.04144
44.07134
46.98143
46.98143
47.04144
47.01143
46.98143
44.43136
46.98143
46.98143
47.01143
47.04144
47.01143
46.98143
47.01143
47.04144
46.98143
47.01143
44.10135
47.04144
46.98143
47.01143
46.98143
47.04144
45.60139
46.98143
47.04144
47.04144
47.01143
44.61136
43.68133
46.98143
46.95143
46.26141
46.68142
44.13135
46.20141
46.11141
45.87140
45.30138
45.45139
45.21138
45.03137
45.42139
45.09138
44.64136
42.96131
44.49136
44.43136
44.76137
45.03137
