35.42070
17.73286
0.00000
50.63315
88.66428
53.16481
53.06354
70.79640
17.71035
17.11401
53.19857
70.88641
35.39820
35.42070
53.09730
35.42070
53.19857
17.73286
17.72160
17.73286
35.42070
17.69910
35.46571
88.49550
53.19857
53.13106
35.44321
16.49516
53.06354
53.13106
35.42070
88.60802
53.13106
82.81334
35.48821
0.00000
53.13106
17.71035
35.42070
82.36326
17.72160
17.73286
70.84141
35.48821
17.71035
0.00000
35.42070
53.19857
17.72160
0.00000
82.30700
17.69910
0.00000
70.88641
53.09730
65.03547
17.72160
17.72160
53.13106
35.46571
0.00000
34.31803
53.16481
0.00000
35.46571
53.16481
17.74411
17.71035
35.44321
0.00000
17.72160
35.46571
33.26036
53.16481
35.46571
17.71035
0.00000
70.84141
35.42070
17.72160
17.72160
0.00000
35.44321
32.81028
35.44321
17.72160
53.16481
106.19460
17.73286
81.46312
70.93142
53.13106
35.46571
35.44321
33.80044
17.71035
35.44321
35.44321
0.00000
35.44321
32.87779
17.72160
35.46571
17.72160
35.44321
35.46571
35.44321
53.16481
17.72160
17.71035
17.72160
17.69910
17.71035
53.13106
0.00000
35.42070
17.72160
35.46571
88.60802
17.71035
0.00000
17.71035
33.08033
70.79640
53.16481
17.72160
35.46571
35.39820
17.72160
35.42070
53.09730
106.32962
141.68281
1755.95776
2322.55400
2409.86806
3300.83153
2880.14878
3512.97319
5010.43182
4318.20910
4658.07008
4478.89623
5996.40559
6797.18579
7640.50909
6688.03196
7302.65093
8337.86263
7165.87391
6681.47215
6962.22736
7773.83181
7168.34931
6861.56866
7068.72576
7524.08659
8075.85294
7752.94844
7313.58769
6950.91929
8098.82914
7008.30353
7782.05688
8059.54906
7098.83561
7220.35518
8193.11932
7617.75792
8675.07943
7144.00038
7726.84424
6979.94897
8209.77200
6896.85434
8464.17547
7546.25266
7556.49181
7560.31742
7655.05768
7844.13313
7323.98437
8215.22913
7249.51988
7426.53338
8148.78718
8110.17097
6542.25349
7523.27646
7879.30629
7828.81941
8204.19111
8055.05959
6840.38149
7283.88291
6799.91998
7416.42925
7090.90308
