0.37505 0.00000 0.00000 0.00000 0.37505 0.00000
0.00000 0.00000 0.00000 0.00000 0.37505 0.00000
0.00000 0.00000 0.00000 0.00000 0.00000 0.00000
0.37505 0.00000 0.00000 0.00000 0.37505 0.37505
0.00000 0.37505 0.00000 0.00000 0.75010 0.75010
0.00000 0.37505 0.00000 0.00000 0.37505 0.37505
0.00000 0.37505 0.00000 0.00000 0.75010 0.00000
0.00000 0.37505 0.37505 0.00000 0.37505 0.37505
0.00000 0.00000 0.00000 0.00000 0.37505 0.00000
0.00000 0.00000 0.00000 0.00000 0.37505 0.00000
0.00000 0.00000 0.00000 0.37505 0.37505 0.37505
0.00000 0.37505 0.00000 0.00000 0.37505 0.75010
0.00000 0.00000 0.00000 0.00000 0.00000 0.75010
0.00000 0.00000 0.00000 0.00000 0.37505 0.37505
0.00000 0.37505 0.37505 0.00000 0.37505 0.00000
0.37505 0.00000 0.00000 0.00000 0.37505 0.00000
0.00000 0.37505 0.00000 0.00000 0.37505 0.37505
0.00000 0.00000 0.00000 0.00000 0.37505 0.00000
0.00000 0.00000 0.00000 0.00000 0.00000 0.37505
0.00000 0.00000 0.00000 0.00000 0.37505 0.00000
0.00000 0.00000 0.00000 0.00000 0.37505 0.37505
0.00000 0.00000 0.00000 0.00000 0.37505 0.00000
0.00000 0.37505 0.00000 0.00000 0.00000 0.37505
0.37505 0.00000 0.00000 0.00000 1.12515 0.37505
0.00000 0.00000 0.00000 0.00000 0.75010 0.37505
0.00000 0.37505 0.00000 0.00000 0.00000 0.75010
0.00000 0.00000 0.00000 0.00000 0.37505 0.37505
0.00000 0.00000 0.00000 0.00000 0.37505 0.00000
0.00000 0.37505 0.37505 0.00000 0.00000 0.37505
0.00000 0.00000 0.00000 0.00000 0.75010 0.37505
0.37505 0.00000 0.00000 0.00000 0.37505 0.00000
0.00000 0.37505 0.37505 0.00000 0.37505 0.75010
0.00000 0.37505 0.37505 0.00000 0.37505 0.00000
0.37505 0.37505 0.00000 0.00000 0.75010 0.37505
0.00000 0.37505 0.00000 0.00000 0.00000 0.37505
0.00000 0.00000 0.00000 0.00000 0.00000 0.00000
0.00000 0.00000 0.00000 0.00000 0.75010 0.37505
0.00000 0.00000 0.00000 0.37505 0.00000 0.00000
0.00000 0.00000 0.00000 0.00000 0.75010 0.00000
0.75010 0.00000 0.37505 0.37505 0.37505 0.00000
0.00000 0.37505 0.00000 0.00000 0.00000 0.00000
0.00000 0.00000 0.37505 0.00000 0.00000 0.00000
0.00000 0.37505 0.00000 0.00000 0.75010 0.37505
0.00000 0.37505 0.00000 0.00000 0.37505 0.00000
0.00000 0.00000 0.00000 0.00000 0.00000 0.37505
0.00000 0.00000 0.00000 0.00000 0.00000 0.00000
0.37505 0.00000 0.00000 0.00000 0.00000 0.37505
0.00000 0.37505 0.00000 0.00000 0.37505 0.37505
0.00000 0.00000 0.00000 0.00000 0.00000 0.37505
0.00000 0.00000 0.00000 0.00000 0.00000 0.00000
0.00000 0.00000 0.37505 0.37505 0.75010 0.37505
0.00000 0.00000 0.00000 0.00000 0.00000 0.37505
0.00000 0.00000 0.00000 0.00000 0.00000 0.00000
0.00000 0.00000 0.37505 0.00000 0.75010 0.37505
0.00000 0.37505 0.00000 0.00000 0.37505 0.37505
0.00000 0.00000 0.37505 0.00000 0.75010 0.37505
0.00000 0.00000 0.00000 0.00000 0.00000 0.37505
0.00000 0.00000 0.37505 0.00000 0.00000 0.00000
0.00000 0.37505 0.00000 0.00000 0.37505 0.37505
0.00000 0.37505 0.00000 0.00000 0.37505 0.00000
0.00000 0.00000 0.00000 0.00000 0.00000 0.00000
0.00000 0.00000 0.00000 0.00000 0.37505 0.37505
0.00000 0.37505 0.37505 0.00000 0.00000 0.37505
0.00000 0.00000 0.00000 0.00000 0.00000 0.00000
0.00000 0.00000 0.00000 0.00000 0.75010 0.00000
0.00000 0.37505 0.00000 0.00000 0.75010 0.00000
0.00000 0.00000 0.37505 0.00000 0.00000 0.00000
0.00000 0.00000 0.00000 0.00000 0.37505 0.00000
0.00000 0.37505 0.00000 0.00000 0.37505 0.00000
0.00000 0.00000 0.00000 0.00000 0.00000 0.00000
0.00000 0.00000 0.00000 0.00000 0.00000 0.37505
0.00000 0.00000 0.00000 0.00000 0.37505 0.37505
0.00000 0.00000 0.00000 0.00000 0.37505 0.37505
0.37505 0.00000 0.00000 0.00000 0.37505 0.37505
0.00000 0.00000 0.00000 0.00000 0.37505 0.37505
0.00000 0.00000 0.00000 0.00000 0.37505 0.00000
0.00000 0.00000 0.00000 0.00000 0.00000 0.00000
0.00000 0.37505 0.37505 0.00000 0.37505 0.37505
0.00000 0.37505 0.00000 0.00000 0.37505 0.00000
0.00000 0.37505 0.00000 0.00000 0.00000 0.00000
0.00000 0.00000 0.37505 0.00000 0.00000 0.00000
0.00000 0.00000 0.00000 0.00000 0.00000 0.00000
0.00000 0.00000 0.00000 0.00000 0.37505 0.37505
0.00000 0.00000 0.00000 0.00000 0.37505 0.37505
0.00000 0.37505 0.00000 0.00000 0.37505 0.00000
0.00000 0.00000 0.00000 0.00000 0.37505 0.00000
0.37505 0.37505 0.00000 0.00000 0.00000 0.37505
0.37505 0.75010 0.00000 0.00000 0.75010 0.37505
0.00000 0.37505 0.00000 0.00000 0.00000 0.00000
0.75010 0.00000 0.00000 0.37505 0.37505 0.37505
0.00000 0.75010 0.37505 0.00000 0.37505 0.00000
0.00000 0.37505 0.37505 0.00000 0.37505 0.00000
0.00000 0.00000 0.37505 0.00000 0.37505 0.00000
0.00000 0.00000 0.37505 0.00000 0.37505 0.00000
0.00000 0.37505 0.00000 0.00000 0.37505 0.00000
0.00000 0.00000 0.00000 0.00000 0.00000 0.37505
0.00000 0.00000 0.00000 0.00000 0.37505 0.37505
0.00000 0.37505 0.00000 0.00000 0.00000 0.37505
0.00000 0.00000 0.00000 0.00000 0.00000 0.00000
0.00000 0.00000 0.00000 0.00000 0.37505 0.37505
0.37505 0.00000 0.00000 0.00000 0.37505 0.00000
0.00000 0.00000 0.00000 0.00000 0.37505 0.00000
0.00000 0.00000 0.00000 0.00000 0.37505 0.37505
0.00000 0.37505 0.00000 0.00000 0.00000 0.00000
0.00000 0.00000 0.37505 0.00000 0.37505 0.00000
0.00000 0.37505 0.00000 0.00000 0.37505 0.00000
0.00000 0.37505 0.00000 0.00000 0.37505 0.00000
0.00000 0.37505 0.00000 0.00000 0.37505 0.37505
0.00000 0.00000 0.37505 0.00000 0.00000 0.00000
0.00000 0.00000 0.00000 0.00000 0.37505 0.00000
0.37505 0.00000 0.00000 0.00000 0.00000 0.00000
0.00000 0.00000 0.00000 0.00000 0.00000 0.37505
0.00000 0.00000 0.00000 0.00000 0.37505 0.00000
0.00000 0.37505 0.00000 0.00000 0.75010 0.00000
0.00000 0.00000 0.00000 0.00000 0.00000 0.00000
0.00000 0.37505 0.00000 0.00000 0.37505 0.00000
0.00000 0.00000 0.00000 0.00000 0.37505 0.00000
0.00000 0.00000 0.00000 0.00000 0.37505 0.37505
0.37505 0.75010 0.37505 0.00000 0.00000 0.37505
0.00000 0.00000 0.00000 0.00000 0.37505 0.00000
0.00000 0.00000 0.00000 0.00000 0.00000 0.00000
0.00000 0.37505 0.00000 0.00000 0.00000 0.00000
0.00000 0.00000 0.00000 0.00000 0.37505 0.37505
0.00000 0.00000 0.00000 1.12515 0.00000 0.37505
0.37505 0.00000 0.00000 0.00000 0.37505 0.37505
0.00000 0.00000 0.00000 0.00000 0.37505 0.00000
0.00000 0.37505 0.00000 0.37505 0.00000 0.00000
0.00000 0.37505 0.00000 0.00000 0.00000 0.37505
0.00000 0.00000 0.00000 0.00000 0.00000 0.37505
0.00000 0.00000 0.00000 0.00000 0.37505 0.37505
0.00000 0.00000 0.00000 0.00000 0.37505 0.75010
0.37505 0.75010 0.00000 0.00000 0.37505 0.75010
1.12515 0.75010 0.00000 0.37505 0.37505 0.37505
6.75088 6.37583 15.37701 1.87524 2.62534 7.50098
16.87720 9.75127 3.37544 2.25029 3.37544 14.25186
19.50255 12.37662 3.75049 0.00000 3.75049 12.37662
30.00392 15.00196 5.62573 1.12515 3.75049 15.75206
28.50372 12.75166 3.37544 0.75010 1.12515 15.75206
34.12945 17.25225 3.00039 0.37505 2.25029 19.12750
55.50724 18.75245 1.87524 0.75010 4.87564 27.75362
44.63082 20.62769 0.00000 0.00000 0.75010 28.12867
54.75715 25.12828 0.00000 0.75010 0.00000 21.37779
63.00822 5.25069 0.00000 0.75010 0.75010 27.75362
68.25891 27.75362 3.00039 0.00000 0.00000 33.00431
77.63513 35.62965 9.00117 0.00000 1.50020 27.37857
76.50999 44.25578 7.50098 0.00000 4.50059 37.12985
72.75950 35.62965 9.75127 0.00000 3.00039 27.37857
76.88503 41.63043 4.50059 0.37505 3.00039 36.75480
88.51155 44.63082 4.87564 0.37505 5.62573 42.75558
72.00940 31.12906 5.62573 1.50020 9.75127 40.50529
69.38406 41.25538 13.87681 0.37505 0.75010 27.00352
76.88503 37.12985 7.12593 0.37505 0.75010 33.37936
72.75950 47.25617 9.00117 0.37505 6.00078 38.63004
75.75989 42.00548 6.75088 1.12515 6.37583 28.12867
66.38366 39.38014 11.25147 2.25029 3.00039 31.12906
77.26008 39.00509 9.37622 2.25029 2.62534 30.75401
78.01018 34.87955 5.62573 1.50020 6.00078 42.75558
86.26126 48.75636 8.62613 0.00000 3.37544 34.12945
80.63552 41.25538 7.12593 0.00000 3.37544 41.63043
69.38406 39.75519 12.00157 2.62534 4.12554 36.37975
74.25969 38.25499 10.87642 0.00000 0.37505 32.25421
82.51077 42.75558 14.25186 1.87524 8.62613 34.87955
79.13533 34.50450 10.12632 0.00000 4.12554 29.62887
85.88621 39.00509 7.50098 0.37505 8.62613 33.75441
83.63592 46.13102 9.37622 0.00000 3.75049 38.25499
72.38445 39.38014 6.75088 1.87524 4.50059 34.87955
79.51038 37.50489 8.62613 1.50020 2.62534 32.62926
91.13689 46.13102 10.12632 1.50020 3.75049 31.87916
80.26048 40.13024 8.25108 2.62534 2.62534 38.25499
87.38641 51.75676 10.87642 0.00000 5.62573 40.13024
75.00979 41.63043 12.37662 0.00000 4.50059 27.37857
81.01057 44.63082 9.37622 0.37505 6.37583 32.25421
66.38366 42.75558 9.00117 1.50020 5.25069 32.62926
83.63592 45.38092 13.87681 0.00000 5.25069 36.75480
77.26008 34.50450 10.87642 0.37505 5.62573 27.00352
87.01136 50.25656 15.00196 0.75010 3.75049 34.50450
89.63670 37.50489 9.75127 1.87524 4.12554 27.75362
82.13572 41.25538 9.75127 0.00000 1.50020 36.00470
85.51116 36.75480 10.50137 0.75010 6.00078 30.75401
85.13611 42.38053 13.87681 0.00000 6.00078 25.12828
86.26126 46.13102 6.75088 1.87524 0.37505 35.62965
78.38523 37.50489 12.75166 0.00000 2.25029 34.50450
88.51155 42.38053 11.25147 0.00000 6.00078 37.50489
82.13572 38.25499 14.62691 0.00000 1.87524 27.37857
86.26126 40.88034 10.87642 0.37505 3.75049 26.25343
92.26204 38.25499 8.62613 0.75010 8.25108 35.62965
85.51116 39.75519 10.87642 1.50020 8.62613 37.87994
77.26008 28.50372 11.62652 0.37505 4.50059 25.87838
79.88543 33.37936 9.37622 0.00000 7.87603 39.38014
94.13729 35.25460 9.00117 0.00000 6.37583 34.50450
89.63670 42.75558 14.62691 0.00000 3.37544 27.00352
91.13689 38.25499 7.12593 1.50020 9.75127 37.50489
86.63631 37.50489 9.37622 1.87524 9.00117 38.25499
83.26087 33.00431 8.25108 0.00000 3.37544 27.00352
94.13729 36.37975 7.12593 0.00000 2.25029 26.62848
84.76106 30.00392 14.25186 0.37505 4.87564 19.50255
86.26126 36.37975 7.50098 0.37505 7.50098 30.37896
88.13650 29.25382 11.25147 1.50020 6.75088 24.00313
