17.71035 0.00000 0.00000 0.00000 17.71035 0.00000
0.00000 0.00000 0.00000 0.00000 17.73286 0.00000
0.00000 0.00000 0.00000 0.00000 0.00000 0.00000
16.87772 0.00000 0.00000 0.00000 16.87772 16.87772
0.00000 17.73286 0.00000 0.00000 35.46571 35.46571
0.00000 17.72160 0.00000 0.00000 17.72160 17.72160
0.00000 17.68785 0.00000 0.00000 35.37570 0.00000
0.00000 17.69910 17.69910 0.00000 17.69910 17.69910
0.00000 0.00000 0.00000 0.00000 17.71035 0.00000
0.00000 0.00000 0.00000 0.00000 17.11401 0.00000
0.00000 0.00000 0.00000 17.73286 17.73286 17.73286
0.00000 17.72160 0.00000 0.00000 17.72160 35.44321
0.00000 0.00000 0.00000 0.00000 0.00000 35.39820
0.00000 0.00000 0.00000 0.00000 17.71035 17.71035
0.00000 17.69910 17.69910 0.00000 17.69910 0.00000
17.71035 0.00000 0.00000 0.00000 17.71035 0.00000
0.00000 17.73286 0.00000 0.00000 17.73286 17.73286
0.00000 0.00000 0.00000 0.00000 17.73286 0.00000
0.00000 0.00000 0.00000 0.00000 0.00000 17.72160
0.00000 0.00000 0.00000 0.00000 17.73286 0.00000
0.00000 0.00000 0.00000 0.00000 17.71035 17.71035
0.00000 0.00000 0.00000 0.00000 17.69910 0.00000
0.00000 17.73286 0.00000 0.00000 0.00000 17.73286
17.69910 0.00000 0.00000 0.00000 53.09730 17.69910
0.00000 0.00000 0.00000 0.00000 35.46571 17.73286
0.00000 17.71035 0.00000 0.00000 0.00000 35.42070
0.00000 0.00000 0.00000 0.00000 17.72160 17.72160
0.00000 0.00000 0.00000 0.00000 16.49516 0.00000
0.00000 17.68785 17.68785 0.00000 0.00000 17.68785
0.00000 0.00000 0.00000 0.00000 35.42070 17.71035
17.71035 0.00000 0.00000 0.00000 17.71035 0.00000
0.00000 17.72160 17.72160 0.00000 17.72160 35.44321
0.00000 17.71035 17.71035 0.00000 17.71035 0.00000
16.56267 16.56267 0.00000 0.00000 33.12533 16.56267
0.00000 17.74411 0.00000 0.00000 0.00000 17.74411
0.00000 0.00000 0.00000 0.00000 0.00000 0.00000
0.00000 0.00000 0.00000 0.00000 35.42070 17.71035
0.00000 0.00000 0.00000 17.71035 0.00000 0.00000
0.00000 0.00000 0.00000 0.00000 35.42070 0.00000
32.94531 0.00000 16.47265 16.47265 16.47265 0.00000
0.00000 17.72160 0.00000 0.00000 0.00000 0.00000
0.00000 0.00000 17.73286 0.00000 0.00000 0.00000
0.00000 17.71035 0.00000 0.00000 35.42070 17.71035
0.00000 17.74411 0.00000 0.00000 17.74411 0.00000
0.00000 0.00000 0.00000 0.00000 0.00000 17.71035
0.00000 0.00000 0.00000 0.00000 0.00000 0.00000
17.71035 0.00000 0.00000 0.00000 0.00000 17.71035
0.00000 17.73286 0.00000 0.00000 17.73286 17.73286
0.00000 0.00000 0.00000 0.00000 0.00000 17.72160
0.00000 0.00000 0.00000 0.00000 0.00000 0.00000
0.00000 0.00000 16.46140 16.46140 32.92280 16.46140
0.00000 0.00000 0.00000 0.00000 0.00000 17.69910
0.00000 0.00000 0.00000 0.00000 0.00000 0.00000
0.00000 0.00000 17.72160 0.00000 35.44321 17.72160
0.00000 17.69910 0.00000 0.00000 17.69910 17.69910
0.00000 0.00000 16.25887 0.00000 32.51774 16.25887
0.00000 0.00000 0.00000 0.00000 0.00000 17.72160
0.00000 0.00000 17.72160 0.00000 0.00000 0.00000
0.00000 17.71035 0.00000 0.00000 17.71035 17.71035
0.00000 17.73286 0.00000 0.00000 17.73286 0.00000
0.00000 0.00000 0.00000 0.00000 0.00000 0.00000
0.00000 0.00000 0.00000 0.00000 17.15901 17.15901
0.00000 17.72160 17.72160 0.00000 0.00000 17.72160
0.00000 0.00000 0.00000 0.00000 0.00000 0.00000
0.00000 0.00000 0.00000 0.00000 35.46571 0.00000
0.00000 17.72160 0.00000 0.00000 35.44321 0.00000
0.00000 0.00000 17.74411 0.00000 0.00000 0.00000
0.00000 0.00000 0.00000 0.00000 17.71035 0.00000
0.00000 17.72160 0.00000 0.00000 17.72160 0.00000
0.00000 0.00000 0.00000 0.00000 0.00000 0.00000
0.00000 0.00000 0.00000 0.00000 0.00000 17.72160
0.00000 0.00000 0.00000 0.00000 17.73286 17.73286
0.00000 0.00000 0.00000 0.00000 16.63018 16.63018
17.72160 0.00000 0.00000 0.00000 17.72160 17.72160
0.00000 0.00000 0.00000 0.00000 17.73286 17.73286
0.00000 0.00000 0.00000 0.00000 17.71035 0.00000
0.00000 0.00000 0.00000 0.00000 0.00000 0.00000
0.00000 17.71035 17.71035 0.00000 17.71035 17.71035
0.00000 17.71035 0.00000 0.00000 17.71035 0.00000
0.00000 17.72160 0.00000 0.00000 0.00000 0.00000
0.00000 0.00000 17.72160 0.00000 0.00000 0.00000
0.00000 0.00000 0.00000 0.00000 0.00000 0.00000
0.00000 0.00000 0.00000 0.00000 17.72160 17.72160
0.00000 0.00000 0.00000 0.00000 16.40514 16.40514
0.00000 17.72160 0.00000 0.00000 17.72160 0.00000
0.00000 0.00000 0.00000 0.00000 17.72160 0.00000
17.72160 17.72160 0.00000 0.00000 0.00000 17.72160
17.69910 35.39820 0.00000 0.00000 35.39820 17.69910
0.00000 17.73286 0.00000 0.00000 0.00000 0.00000
32.58525 0.00000 0.00000 16.29262 16.29262 16.29262
0.00000 35.46571 17.73286 0.00000 17.73286 0.00000
0.00000 17.71035 17.71035 0.00000 17.71035 0.00000
0.00000 0.00000 17.73286 0.00000 17.73286 0.00000
0.00000 0.00000 17.72160 0.00000 17.72160 0.00000
0.00000 16.90022 0.00000 0.00000 16.90022 0.00000
0.00000 0.00000 0.00000 0.00000 0.00000 17.71035
0.00000 0.00000 0.00000 0.00000 17.72160 17.72160
0.00000 17.72160 0.00000 0.00000 0.00000 17.72160
0.00000 0.00000 0.00000 0.00000 0.00000 0.00000
0.00000 0.00000 0.00000 0.00000 17.72160 17.72160
16.43890 0.00000 0.00000 0.00000 16.43890 0.00000
0.00000 0.00000 0.00000 0.00000 17.72160 0.00000
0.00000 0.00000 0.00000 0.00000 17.73286 17.73286
0.00000 17.72160 0.00000 0.00000 0.00000 0.00000
0.00000 0.00000 17.72160 0.00000 17.72160 0.00000
0.00000 17.73286 0.00000 0.00000 17.73286 0.00000
0.00000 17.72160 0.00000 0.00000 17.72160 0.00000
0.00000 17.72160 0.00000 0.00000 17.72160 17.72160
0.00000 0.00000 17.72160 0.00000 0.00000 0.00000
0.00000 0.00000 0.00000 0.00000 17.71035 0.00000
17.72160 0.00000 0.00000 0.00000 0.00000 0.00000
0.00000 0.00000 0.00000 0.00000 0.00000 17.69910
0.00000 0.00000 0.00000 0.00000 17.71035 0.00000
0.00000 17.71035 0.00000 0.00000 35.42070 0.00000
0.00000 0.00000 0.00000 0.00000 0.00000 0.00000
0.00000 17.71035 0.00000 0.00000 17.71035 0.00000
0.00000 0.00000 0.00000 0.00000 17.72160 0.00000
0.00000 0.00000 0.00000 0.00000 17.73286 17.73286
17.72160 35.44321 17.72160 0.00000 0.00000 17.72160
0.00000 0.00000 0.00000 0.00000 17.71035 0.00000
0.00000 0.00000 0.00000 0.00000 0.00000 0.00000
0.00000 17.71035 0.00000 0.00000 0.00000 0.00000
0.00000 0.00000 0.00000 0.00000 16.54016 16.54016
0.00000 0.00000 0.00000 53.09730 0.00000 17.69910
17.72160 0.00000 0.00000 0.00000 17.72160 17.72160
0.00000 0.00000 0.00000 0.00000 17.72160 0.00000
0.00000 17.73286 0.00000 17.73286 0.00000 0.00000
0.00000 17.69910 0.00000 0.00000 0.00000 17.69910
0.00000 0.00000 0.00000 0.00000 0.00000 17.72160
0.00000 0.00000 0.00000 0.00000 17.71035 17.71035
0.00000 0.00000 0.00000 0.00000 17.69910 35.39820
17.72160 35.44321 0.00000 0.00000 17.72160 35.44321
53.13106 35.42070 0.00000 17.71035 17.71035 17.71035
292.65963 276.40076 666.61359 81.29434 113.81208 325.17736
785.82654 454.03311 157.16531 104.77687 157.16531 663.58686
908.06622 576.27280 174.62812 0.00000 174.62812 576.27280
1389.82380 694.91190 260.59196 52.11839 173.72798 729.65750
1318.62234 589.90999 156.15264 34.70059 52.05088 728.71234
1574.78108 796.04319 138.44229 17.30529 103.83172 882.56962
2539.53394 857.95065 85.79507 34.31803 223.06717 1269.76697
2047.27842 946.22112 0.00000 0.00000 34.40804 1290.30152
2500.28762 1147.39226 0.00000 34.25052 0.00000 976.13969
2894.05602 241.17134 0.00000 34.45305 34.45305 1274.76277
3100.41425 1260.60799 136.28195 0.00000 0.00000 1499.10140
3491.35846 1602.31427 404.79518 0.00000 67.46586 1231.25202
3440.75906 1990.24299 337.32932 0.00000 202.39759 1669.78013
3276.46010 1604.45211 439.11321 0.00000 135.11176 1232.89478
3441.47917 1863.43507 201.45244 16.78770 134.30163 1645.19492
3951.27627 1992.38083 217.65505 16.74270 251.14044 1908.66735
3214.59764 1389.64377 251.14044 66.97078 435.31010 1808.21117
3037.03280 1805.80329 607.40656 16.41639 32.83279 1181.98033
3439.17255 1660.86870 318.75258 16.77645 33.55290 1493.10418
3250.26588 2110.99743 402.09475 16.75395 268.06317 1725.65663
3391.11607 1880.22277 302.17866 50.36311 285.39096 1259.07775
2969.43191 1761.52741 503.29354 100.65871 134.21161 1392.44547
3386.41281 1709.64530 410.97243 98.63338 115.07228 1347.98956
3477.80002 1554.97790 250.80289 66.88077 267.52308 1906.10194
3845.64426 2173.62501 384.56443 0.00000 150.48173 1521.53751
3592.42223 1837.98347 317.46987 0.00000 150.38047 1854.69241
3089.07243 1769.95501 534.32604 116.88382 183.67458 1619.67581
3308.37024 1704.31194 484.55928 0.00000 16.70894 1436.96889
3614.08197 1872.75157 624.25052 82.13823 377.83584 1527.77101
3520.83820 1535.15220 450.53380 0.00000 183.55081 1318.22852
3816.04074 1733.04907 333.27867 16.66393 383.27047 1499.75400
3721.07545 2052.43175 417.16092 0.00000 166.86437 1702.01657
3216.13914 1749.71300 299.95080 83.31967 199.96720 1549.74580
3535.13926 1667.51852 383.52926 66.70074 116.72630 1450.74111
4046.60162 2048.27983 449.62240 66.61073 166.52682 1415.47793
3551.63441 1775.81721 365.12129 116.17496 116.17496 1692.83509
3872.20978 2293.41180 481.94886 0.00000 249.28389 1778.22509
3330.53631 1848.44765 549.53849 0.00000 199.83218 1215.64575
3596.97921 1981.66910 416.31704 16.65268 283.09559 1432.13061
2941.54992 1894.55758 398.85423 66.47570 232.66497 1445.84657
3713.54799 2014.97447 616.14922 0.00000 233.13754 1631.96279
3423.49878 1528.94120 481.94886 16.61893 249.28389 1196.56268
3850.37002 2223.92061 663.85690 33.19284 165.96422 1526.87087
3963.85579 1658.51707 431.21444 82.92585 182.43688 1227.30263
3637.08067 1826.84417 431.79953 0.00000 66.43070 1594.33673
3796.81139 1631.96279 466.27508 33.30536 266.44290 1365.51989
3777.60455 1880.48156 615.73290 0.00000 266.26288 1114.97579
3822.35301 2044.12791 299.14067 83.09463 16.61893 1578.79798
3471.00393 1660.76743 564.66093 0.00000 99.64605 1527.90604
3916.75571 1875.39574 497.89267 0.00000 265.54276 1659.64225
3624.75994 1688.24435 645.50519 0.00000 82.75708 1208.25331
3804.23759 1802.87781 479.66474 16.54016 165.40163 1157.81144
4091.02377 1696.27815 382.49409 33.26036 365.86391 1579.86690
3766.02644 1750.87194 479.01213 66.07064 379.90618 1668.28364
3411.90941 1258.76270 513.44268 16.56267 198.75200 1142.82403
3537.43463 1478.08301 415.19186 0.00000 348.76116 1743.80580
4137.46000 1549.48701 395.61370 0.00000 280.22637 1516.51920
3955.78824 1886.86134 645.50519 0.00000 148.96274 1191.70190
4035.66486 1693.98278 315.54581 66.43070 431.79953 1660.76743
3820.77775 1654.01634 413.50409 82.70082 396.96392 1687.09667
3676.91209 1457.51470 364.37868 0.00000 149.06400 1192.51203
4117.69056 1591.29874 311.69769 0.00000 98.43085 1164.76506
3748.24857 1326.81365 630.23649 16.58517 215.60722 862.42888
3799.06176 1602.21300 330.35320 16.51766 330.35320 1337.93044
3884.29423 1289.25511 495.86735 66.11565 297.52041 1057.85034
