47.22144
47.28144
47.28144
45.00137
47.28144
47.25144
47.16144
47.19144
47.22144
45.63139
47.28144
47.25144
47.19144
47.22144
47.19144
47.22144
47.28144
47.28144
47.25144
47.28144
47.22144
47.19144
47.28144
47.19144
47.28144
47.22144
47.25144
43.98134
47.16144
47.22144
47.22144
47.25144
47.22144
44.16135
47.31144
47.22144
47.22144
47.22144
47.22144
43.92134
47.25144
47.28144
47.22144
47.31144
47.22144
47.28144
47.22144
47.28144
47.25144
47.25144
43.89134
47.19144
47.25144
47.25144
47.19144
43.35132
47.25144
47.25144
47.22144
47.28144
47.31144
45.75140
47.25144
47.25144
47.28144
47.25144
47.31144
47.22144
47.25144
47.22144
47.25144
47.28144
44.34135
47.25144
47.28144
47.22144
47.19144
47.22144
47.22144
47.25144
47.25144
47.25144
47.25144
43.74133
47.25144
47.25144
47.25144
47.19144
47.28144
43.44133
47.28144
47.22144
47.28144
47.25144
45.06138
47.22144
47.25144
47.25144
47.28144
47.25144
43.83134
47.25144
47.28144
47.25144
47.25144
47.28144
47.25144
47.25144
47.25144
47.22144
47.25144
47.19144
47.22144
47.22144
47.19144
47.22144
47.25144
47.28144
47.25144
47.22144
47.22144
47.22144
44.10135
47.19144
47.25144
47.25144
47.28144
47.19144
47.25144
47.22144
47.19144
47.25144
47.22144
43.35132
46.56142
46.56142
46.32141
46.26141
46.14141
45.75140
45.87140
45.66139
45.93140
45.42139
44.97137
44.97137
45.03137
44.76137
44.64136
44.64136
43.77134
44.73137
44.67136
44.76137
44.73137
43.83134
44.58136
44.58136
44.55136
44.52136
44.55136
43.80134
44.49136
44.43136
44.49136
44.43136
44.46136
44.40136
44.25135
44.31135
44.40136
44.40136
44.31135
44.40136
44.31135
44.25135
44.22135
44.28135
44.40136
44.37135
44.31135
44.28135
44.25135
44.13135
44.10135
44.34135
44.04134
44.16135
44.28135
43.95134
44.13135
44.28135
44.10135
44.16135
43.74133
44.22135
44.04134
44.07134
