0.00000 17.80037 17.80037 0.00000 0.00000 0.00000
0.00000 0.00000 0.00000 0.00000 35.57823 0.00000
0.00000 17.81162 0.00000 0.00000 0.00000 0.00000
0.00000 0.00000 0.00000 0.00000 17.80037 0.00000
17.80037 0.00000 0.00000 0.00000 0.00000 17.80037
17.81162 0.00000 0.00000 0.00000 17.81162 17.81162
0.00000 0.00000 0.00000 0.00000 35.60073 0.00000
35.60073 17.80037 0.00000 0.00000 0.00000 17.80037
0.00000 0.00000 0.00000 0.00000 35.64574 0.00000
0.00000 0.00000 0.00000 0.00000 0.00000 17.80037
17.82287 17.82287 0.00000 0.00000 17.82287 17.82287
0.00000 17.81162 17.81162 0.00000 35.62324 0.00000
17.78911 0.00000 0.00000 0.00000 0.00000 17.78911
0.00000 0.00000 0.00000 0.00000 0.00000 17.78911
17.80037 0.00000 17.80037 0.00000 17.80037 0.00000
17.81162 0.00000 0.00000 0.00000 0.00000 17.81162
0.00000 0.00000 0.00000 0.00000 0.00000 0.00000
0.00000 35.62324 0.00000 0.00000 17.81162 0.00000
17.78911 17.78911 0.00000 0.00000 17.78911 17.78911
17.82287 17.82287 0.00000 0.00000 0.00000 35.64574
0.00000 17.82287 17.82287 0.00000 17.82287 0.00000
0.00000 0.00000 0.00000 0.00000 17.81162 35.62324
0.00000 0.00000 0.00000 0.00000 33.62041 0.00000
0.00000 0.00000 0.00000 0.00000 17.78911 0.00000
17.82287 0.00000 17.82287 0.00000 17.82287 17.82287
0.00000 17.80037 0.00000 0.00000 0.00000 0.00000
0.00000 17.82287 0.00000 0.00000 0.00000 0.00000
0.00000 0.00000 0.00000 0.00000 0.00000 0.00000
0.00000 16.87772 0.00000 0.00000 16.87772 16.87772
17.81162 0.00000 0.00000 0.00000 0.00000 17.81162
0.00000 0.00000 0.00000 0.00000 17.78911 0.00000
0.00000 0.00000 0.00000 0.00000 35.55573 17.77786
17.82287 0.00000 0.00000 0.00000 0.00000 0.00000
17.81162 17.81162 0.00000 0.00000 0.00000 0.00000
0.00000 0.00000 0.00000 0.00000 0.00000 16.86647
0.00000 17.81162 0.00000 0.00000 17.81162 0.00000
0.00000 17.81162 0.00000 0.00000 0.00000 17.81162
0.00000 17.81162 0.00000 0.00000 17.81162 0.00000
0.00000 0.00000 0.00000 0.00000 17.82287 17.82287
0.00000 0.00000 0.00000 0.00000 17.82287 0.00000
17.32779 0.00000 0.00000 0.00000 17.32779 0.00000
17.81162 17.81162 0.00000 0.00000 0.00000 0.00000
0.00000 0.00000 0.00000 0.00000 0.00000 0.00000
17.81162 0.00000 17.81162 0.00000 0.00000 0.00000
0.00000 0.00000 0.00000 0.00000 0.00000 17.81162
0.00000 0.00000 0.00000 0.00000 16.99024 33.98047
0.00000 0.00000 17.80037 0.00000 0.00000 0.00000
17.82287 0.00000 0.00000 0.00000 0.00000 17.82287
17.82287 0.00000 0.00000 0.00000 17.82287 17.82287
0.00000 0.00000 0.00000 0.00000 0.00000 17.82287
0.00000 35.62324 0.00000 0.00000 17.81162 17.81162
17.82287 0.00000 17.82287 0.00000 17.82287 0.00000
0.00000 0.00000 0.00000 0.00000 17.81162 17.81162
0.00000 0.00000 0.00000 0.00000 0.00000 17.80037
0.00000 0.00000 0.00000 0.00000 17.80037 0.00000
17.80037 17.80037 17.80037 0.00000 0.00000 0.00000
0.00000 0.00000 0.00000 0.00000 0.00000 0.00000
17.82287 0.00000 0.00000 17.82287 0.00000 0.00000
17.78911 0.00000 0.00000 0.00000 17.78911 0.00000
0.00000 0.00000 0.00000 0.00000 17.80037 35.60073
0.00000 0.00000 17.81162 0.00000 0.00000 17.81162
0.00000 17.80037 0.00000 0.00000 17.80037 35.60073
0.00000 0.00000 0.00000 0.00000 16.70894 16.70894
0.00000 17.80037 17.80037 0.00000 0.00000 0.00000
0.00000 0.00000 0.00000 0.00000 17.81162 0.00000
0.00000 17.81162 0.00000 0.00000 0.00000 0.00000
0.00000 17.80037 0.00000 0.00000 17.80037 17.80037
0.00000 16.36013 0.00000 0.00000 16.36013 0.00000
17.80037 0.00000 0.00000 0.00000 17.80037 17.80037
0.00000 0.00000 0.00000 0.00000 17.81162 17.81162
0.00000 0.00000 0.00000 0.00000 0.00000 35.62324
0.00000 0.00000 0.00000 0.00000 0.00000 0.00000
17.81162 0.00000 0.00000 0.00000 17.81162 17.81162
0.00000 16.81021 0.00000 0.00000 16.81021 0.00000
0.00000 0.00000 0.00000 0.00000 17.81162 0.00000
0.00000 0.00000 17.81162 0.00000 0.00000 17.81162
0.00000 0.00000 0.00000 0.00000 35.60073 17.80037
17.81162 0.00000 0.00000 0.00000 17.81162 17.81162
0.00000 0.00000 0.00000 0.00000 17.81162 0.00000
0.00000 0.00000 17.80037 0.00000 0.00000 17.80037
0.00000 0.00000 0.00000 0.00000 17.81162 17.81162
0.00000 0.00000 0.00000 0.00000 0.00000 0.00000
0.00000 17.82287 0.00000 0.00000 0.00000 0.00000
0.00000 0.00000 0.00000 0.00000 17.81162 17.81162
16.84396 0.00000 16.84396 0.00000 16.84396 0.00000
0.00000 0.00000 0.00000 0.00000 0.00000 0.00000
0.00000 0.00000 17.81162 0.00000 17.81162 0.00000
17.82287 0.00000 17.82287 0.00000 17.82287 0.00000
0.00000 0.00000 0.00000 0.00000 35.60073 0.00000
0.00000 0.00000 0.00000 0.00000 0.00000 17.81162
0.00000 0.00000 17.81162 0.00000 35.62324 0.00000
35.62324 0.00000 0.00000 0.00000 0.00000 35.62324
17.82287 17.82287 0.00000 0.00000 17.82287 17.82287
17.82287 17.82287 0.00000 0.00000 0.00000 17.82287
0.00000 0.00000 0.00000 0.00000 17.81162 0.00000
0.00000 0.00000 0.00000 0.00000 16.58517 0.00000
0.00000 0.00000 17.81162 0.00000 17.81162 0.00000
0.00000 0.00000 17.81162 0.00000 17.81162 0.00000
17.81162 0.00000 0.00000 0.00000 0.00000 17.81162
0.00000 17.81162 0.00000 0.00000 0.00000 17.81162
0.00000 0.00000 0.00000 0.00000 0.00000 17.80037
16.59642 0.00000 0.00000 16.59642 16.59642 0.00000
0.00000 0.00000 0.00000 0.00000 17.80037 0.00000
17.80037 0.00000 0.00000 0.00000 0.00000 0.00000
0.00000 0.00000 0.00000 0.00000 17.83412 0.00000
0.00000 0.00000 0.00000 0.00000 17.82287 17.82287
0.00000 17.80037 0.00000 0.00000 0.00000 0.00000
0.00000 0.00000 17.80037 0.00000 17.80037 17.80037
17.80037 0.00000 17.80037 0.00000 17.80037 0.00000
0.00000 17.78911 0.00000 0.00000 17.78911 17.78911
0.00000 17.81162 0.00000 0.00000 17.81162 0.00000
0.00000 0.00000 0.00000 0.00000 0.00000 17.80037
0.00000 0.00000 0.00000 16.65268 0.00000 0.00000
17.78911 0.00000 0.00000 0.00000 35.57823 17.78911
0.00000 17.81162 0.00000 0.00000 0.00000 35.62324
0.00000 17.81162 0.00000 0.00000 0.00000 0.00000
0.00000 0.00000 0.00000 0.00000 17.80037 17.80037
16.77645 0.00000 0.00000 0.00000 16.77645 16.77645
0.00000 0.00000 0.00000 0.00000 16.99024 0.00000
0.00000 0.00000 0.00000 0.00000 0.00000 17.80037
17.80037 0.00000 0.00000 0.00000 17.80037 0.00000
0.00000 0.00000 0.00000 0.00000 35.62324 0.00000
0.00000 0.00000 0.00000 0.00000 0.00000 17.80037
0.00000 17.45156 0.00000 17.45156 0.00000 17.45156
0.00000 0.00000 0.00000 0.00000 0.00000 0.00000
0.00000 35.60073 0.00000 0.00000 35.60073 17.80037
0.00000 0.00000 0.00000 0.00000 17.78911 0.00000
0.00000 0.00000 0.00000 0.00000 17.81162 0.00000
0.00000 0.00000 0.00000 17.80037 0.00000 17.80037
0.00000 0.00000 0.00000 0.00000 35.62324 0.00000
0.00000 0.00000 0.00000 0.00000 17.78911 17.78911
17.81162 17.81162 17.81162 0.00000 35.62324 17.81162
0.00000 0.00000 17.80037 0.00000 17.80037 17.80037
17.76661 53.29983 35.53322 159.89950 53.29983 53.29983
122.79102 333.28992 368.37307 403.45622 473.62252 771.82929
303.79892 219.41033 202.53261 202.53261 168.77718 253.16577
351.73164 316.55847 298.97189 211.03898 263.79873 298.97189
404.49138 351.73164 281.38531 228.62557 246.21215 439.66455
647.78931 542.74240 245.10947 175.07819 297.63293 472.71112
1114.73950 870.89024 348.35610 261.26707 400.60951 801.21902
1013.06813 880.20674 531.44558 298.93814 531.44558 1046.28348
1278.92594 708.59410 449.35236 328.37288 241.95896 760.44245
1790.38830 1187.85378 482.02762 258.22908 327.09017 826.33306
1550.38716 1136.95058 551.24877 155.03872 0.00000 1378.12192
1983.91947 1436.63134 564.39088 273.64406 495.97987 1487.93960
2517.88545 1616.21026 493.36945 187.14013 340.25479 1633.22299
2856.24994 1513.13241 255.02232 136.01190 17.00149 1751.15323
3713.09791 2042.20385 253.16577 101.26631 33.75544 1569.62775
3592.56850 2098.46291 570.78191 33.57541 402.90488 1997.73669
