35.60073
35.57823
17.81162
17.80037
35.60073
53.43485
35.60073
71.20147
35.64574
17.80037
71.29148
71.24647
35.57823
17.78911
53.40110
35.62324
0.00000
53.43485
71.15646
71.29148
53.46861
53.43485
33.62041
17.78911
71.29148
17.80037
17.82287
0.00000
50.63315
35.62324
17.78911
53.33359
17.82287
35.62324
16.86647
35.62324
35.62324
35.62324
35.64574
17.82287
34.65558
35.62324
0.00000
35.62324
17.81162
50.97071
17.80037
35.64574
53.46861
17.82287
71.24647
53.46861
35.62324
17.80037
17.80037
53.40110
0.00000
35.64574
35.57823
53.40110
35.62324
71.20147
33.41788
35.60073
17.81162
17.81162
53.40110
32.72027
53.40110
35.62324
35.62324
0.00000
53.43485
33.62041
17.81162
35.62324
53.40110
53.43485
17.81162
35.60073
35.62324
0.00000
17.82287
35.62324
50.53189
0.00000
35.62324
53.46861
35.60073
17.81162
53.43485
71.24647
71.29148
53.46861
17.81162
16.58517
35.62324
35.62324
35.62324
35.62324
17.80037
49.78927
17.80037
17.80037
17.83412
35.64574
17.80037
53.40110
53.40110
53.36734
35.62324
17.80037
16.65268
71.15646
53.43485
17.81162
35.60073
50.32935
16.99024
17.80037
35.60073
35.62324
17.80037
52.35468
0.00000
89.00183
17.78911
17.81162
35.60073
35.62324
35.57823
106.86971
53.40110
373.09883
2473.36203
1350.21742
1741.07161
1952.11059
2381.06342
3797.08144
4301.38764
3767.64670
4871.92202
4771.74714
6242.50522
6788.08307
6528.57128
7713.11703
8696.03031
