0.00000 0.37505 0.37505 0.00000 0.00000 0.00000
0.00000 0.00000 0.00000 0.00000 0.75010 0.00000
0.00000 0.37505 0.00000 0.00000 0.00000 0.00000
0.00000 0.00000 0.00000 0.00000 0.37505 0.00000
0.37505 0.00000 0.00000 0.00000 0.00000 0.37505
0.37505 0.00000 0.00000 0.00000 0.37505 0.37505
0.00000 0.00000 0.00000 0.00000 0.75010 0.00000
0.75010 0.37505 0.00000 0.00000 0.00000 0.37505
0.00000 0.00000 0.00000 0.00000 0.75010 0.00000
0.00000 0.00000 0.00000 0.00000 0.00000 0.37505
0.37505 0.37505 0.00000 0.00000 0.37505 0.37505
0.00000 0.37505 0.37505 0.00000 0.75010 0.00000
0.37505 0.00000 0.00000 0.00000 0.00000 0.37505
0.00000 0.00000 0.00000 0.00000 0.00000 0.37505
0.37505 0.00000 0.37505 0.00000 0.37505 0.00000
0.37505 0.00000 0.00000 0.00000 0.00000 0.37505
0.00000 0.00000 0.00000 0.00000 0.00000 0.00000
0.00000 0.75010 0.00000 0.00000 0.37505 0.00000
0.37505 0.37505 0.00000 0.00000 0.37505 0.37505
0.37505 0.37505 0.00000 0.00000 0.00000 0.75010
0.00000 0.37505 0.37505 0.00000 0.37505 0.00000
0.00000 0.00000 0.00000 0.00000 0.37505 0.75010
0.00000 0.00000 0.00000 0.00000 0.75010 0.00000
0.00000 0.00000 0.00000 0.00000 0.37505 0.00000
0.37505 0.00000 0.37505 0.00000 0.37505 0.37505
0.00000 0.37505 0.00000 0.00000 0.00000 0.00000
0.00000 0.37505 0.00000 0.00000 0.00000 0.00000
0.00000 0.00000 0.00000 0.00000 0.00000 0.00000
0.00000 0.37505 0.00000 0.00000 0.37505 0.37505
0.37505 0.00000 0.00000 0.00000 0.00000 0.37505
0.00000 0.00000 0.00000 0.00000 0.37505 0.00000
0.00000 0.00000 0.00000 0.00000 0.75010 0.37505
0.37505 0.00000 0.00000 0.00000 0.00000 0.00000
0.37505 0.37505 0.00000 0.00000 0.00000 0.00000
0.00000 0.00000 0.00000 0.00000 0.00000 0.37505
0.00000 0.37505 0.00000 0.00000 0.37505 0.00000
0.00000 0.37505 0.00000 0.00000 0.00000 0.37505
0.00000 0.37505 0.00000 0.00000 0.37505 0.00000
0.00000 0.00000 0.00000 0.00000 0.37505 0.37505
0.00000 0.00000 0.00000 0.00000 0.37505 0.00000
0.37505 0.00000 0.00000 0.00000 0.37505 0.00000
0.37505 0.37505 0.00000 0.00000 0.00000 0.00000
0.00000 0.00000 0.00000 0.00000 0.00000 0.00000
0.37505 0.00000 0.37505 0.00000 0.00000 0.00000
0.00000 0.00000 0.00000 0.00000 0.00000 0.37505
0.00000 0.00000 0.00000 0.00000 0.37505 0.75010
0.00000 0.00000 0.37505 0.00000 0.00000 0.00000
0.37505 0.00000 0.00000 0.00000 0.00000 0.37505
0.37505 0.00000 0.00000 0.00000 0.37505 0.37505
0.00000 0.00000 0.00000 0.00000 0.00000 0.37505
0.00000 0.75010 0.00000 0.00000 0.37505 0.37505
0.37505 0.00000 0.37505 0.00000 0.37505 0.00000
0.00000 0.00000 0.00000 0.00000 0.37505 0.37505
0.00000 0.00000 0.00000 0.00000 0.00000 0.37505
0.00000 0.00000 0.00000 0.00000 0.37505 0.00000
0.37505 0.37505 0.37505 0.00000 0.00000 0.00000
0.00000 0.00000 0.00000 0.00000 0.00000 0.00000
0.37505 0.00000 0.00000 0.37505 0.00000 0.00000
0.37505 0.00000 0.00000 0.00000 0.37505 0.00000
0.00000 0.00000 0.00000 0.00000 0.37505 0.75010
0.00000 0.00000 0.37505 0.00000 0.00000 0.37505
0.00000 0.37505 0.00000 0.00000 0.37505 0.75010
0.00000 0.00000 0.00000 0.00000 0.37505 0.37505
0.00000 0.37505 0.37505 0.00000 0.00000 0.00000
0.00000 0.00000 0.00000 0.00000 0.37505 0.00000
0.00000 0.37505 0.00000 0.00000 0.00000 0.00000
0.00000 0.37505 0.00000 0.00000 0.37505 0.37505
0.00000 0.37505 0.00000 0.00000 0.37505 0.00000
0.37505 0.00000 0.00000 0.00000 0.37505 0.37505
0.00000 0.00000 0.00000 0.00000 0.37505 0.37505
0.00000 0.00000 0.00000 0.00000 0.00000 0.75010
0.00000 0.00000 0.00000 0.00000 0.00000 0.00000
0.37505 0.00000 0.00000 0.00000 0.37505 0.37505
0.00000 0.37505 0.00000 0.00000 0.37505 0.00000
0.00000 0.00000 0.00000 0.00000 0.37505 0.00000
0.00000 0.00000 0.37505 0.00000 0.00000 0.37505
0.00000 0.00000 0.00000 0.00000 0.75010 0.37505
0.37505 0.00000 0.00000 0.00000 0.37505 0.37505
0.00000 0.00000 0.00000 0.00000 0.37505 0.00000
0.00000 0.00000 0.37505 0.00000 0.00000 0.37505
0.00000 0.00000 0.00000 0.00000 0.37505 0.37505
0.00000 0.00000 0.00000 0.00000 0.00000 0.00000
0.00000 0.37505 0.00000 0.00000 0.00000 0.00000
0.00000 0.00000 0.00000 0.00000 0.37505 0.37505
0.37505 0.00000 0.37505 0.00000 0.37505 0.00000
0.00000 0.00000 0.00000 0.00000 0.00000 0.00000
0.00000 0.00000 0.37505 0.00000 0.37505 0.00000
0.37505 0.00000 0.37505 0.00000 0.37505 0.00000
0.00000 0.00000 0.00000 0.00000 0.75010 0.00000
0.00000 0.00000 0.00000 0.00000 0.00000 0.37505
0.00000 0.00000 0.37505 0.00000 0.75010 0.00000
0.75010 0.00000 0.00000 0.00000 0.00000 0.75010
0.37505 0.37505 0.00000 0.00000 0.37505 0.37505
0.37505 0.37505 0.00000 0.00000 0.00000 0.37505
0.00000 0.00000 0.00000 0.00000 0.37505 0.00000
0.00000 0.00000 0.00000 0.00000 0.37505 0.00000
0.00000 0.00000 0.37505 0.00000 0.37505 0.00000
0.00000 0.00000 0.37505 0.00000 0.37505 0.00000
0.37505 0.00000 0.00000 0.00000 0.00000 0.37505
0.00000 0.37505 0.00000 0.00000 0.00000 0.37505
0.00000 0.00000 0.00000 0.00000 0.00000 0.37505
0.37505 0.00000 0.00000 0.37505 0.37505 0.00000
0.00000 0.00000 0.00000 0.00000 0.37505 0.00000
0.37505 0.00000 0.00000 0.00000 0.00000 0.00000
0.00000 0.00000 0.00000 0.00000 0.37505 0.00000
0.00000 0.00000 0.00000 0.00000 0.37505 0.37505
0.00000 0.37505 0.00000 0.00000 0.00000 0.00000
0.00000 0.00000 0.37505 0.00000 0.37505 0.37505
0.37505 0.00000 0.37505 0.00000 0.37505 0.00000
0.00000 0.37505 0.00000 0.00000 0.37505 0.37505
0.00000 0.37505 0.00000 0.00000 0.37505 0.00000
0.00000 0.00000 0.00000 0.00000 0.00000 0.37505
0.00000 0.00000 0.00000 0.37505 0.00000 0.00000
0.37505 0.00000 0.00000 0.00000 0.75010 0.37505
0.00000 0.37505 0.00000 0.00000 0.00000 0.75010
0.00000 0.37505 0.00000 0.00000 0.00000 0.00000
0.00000 0.00000 0.00000 0.00000 0.37505 0.37505
0.37505 0.00000 0.00000 0.00000 0.37505 0.37505
0.00000 0.00000 0.00000 0.00000 0.37505 0.00000
0.00000 0.00000 0.00000 0.00000 0.00000 0.37505
0.37505 0.00000 0.00000 0.00000 0.37505 0.00000
0.00000 0.00000 0.00000 0.00000 0.75010 0.00000
0.00000 0.00000 0.00000 0.00000 0.00000 0.37505
0.00000 0.37505 0.00000 0.37505 0.00000 0.37505
0.00000 0.00000 0.00000 0.00000 0.00000 0.00000
0.00000 0.75010 0.00000 0.00000 0.75010 0.37505
0.00000 0.00000 0.00000 0.00000 0.37505 0.00000
0.00000 0.00000 0.00000 0.00000 0.37505 0.00000
0.00000 0.00000 0.00000 0.37505 0.00000 0.37505
0.00000 0.00000 0.00000 0.00000 0.75010 0.00000
0.00000 0.00000 0.00000 0.00000 0.37505 0.37505
0.37505 0.37505 0.37505 0.00000 0.75010 0.37505
0.00000 0.00000 0.37505 0.00000 0.37505 0.37505
0.37505 1.12515 0.75010 3.37544 1.12515 1.12515
2.62534 7.12593 7.87603 8.62613 10.12632 16.50215
6.75088 4.87564 4.50059 4.50059 3.75049 5.62573
7.50098 6.75088 6.37583 4.50059 5.62573 6.37583
8.62613 7.50098 6.00078 4.87564 5.25069 9.37622
13.87681 11.62652 5.25069 3.75049 6.37583 10.12632
24.00313 18.75245 7.50098 5.62573 8.62613 17.25225
22.87799 19.87759 12.00157 6.75088 12.00157 23.62808
27.75362 15.37701 9.75127 7.12593 5.25069 16.50215
39.00509 25.87838 10.50137 5.62573 7.12593 18.00235
33.75441 24.75323 12.00157 3.37544 0.00000 30.00392
43.50568 31.50411 12.37662 6.00078 10.87642 32.62926
55.50724 35.62965 10.87642 4.12554 7.50098 36.00470
63.00822 33.37936 5.62573 3.00039 0.37505 38.63004
82.51077 45.38092 5.62573 2.25029 0.75010 34.87955
80.26048 46.88112 12.75166 0.75010 9.00117 44.63082
