47.46145
47.43145
47.49145
47.46145
47.46145
47.49145
47.46145
47.46145
47.52145
47.46145
47.52145
47.49145
47.43145
47.43145
47.46145
47.49145
43.83134
47.49145
47.43145
47.52145
47.52145
47.49145
44.82137
47.43145
47.52145
47.46145
47.52145
47.46145
45.00137
47.49145
47.43145
47.40145
47.52145
47.49145
44.97137
47.49145
47.49145
47.49145
47.52145
47.52145
46.20141
47.49145
47.49145
47.49145
47.49145
45.30138
47.46145
47.52145
47.52145
47.52145
47.49145
47.52145
47.49145
47.46145
47.46145
47.46145
46.50142
47.52145
47.43145
47.46145
47.49145
47.46145
44.55136
47.46145
47.49145
47.49145
47.46145
43.62133
47.46145
47.49145
47.49145
47.46145
47.49145
44.82137
47.49145
47.49145
47.46145
47.49145
47.49145
47.46145
47.49145
47.46145
47.52145
47.49145
44.91137
47.49145
47.49145
47.52145
47.46145
47.49145
47.49145
47.49145
47.52145
47.52145
47.49145
44.22135
47.49145
47.49145
47.49145
47.49145
47.46145
44.25135
47.46145
47.46145
47.55145
47.52145
47.46145
47.46145
47.46145
47.43145
47.49145
47.46145
44.40136
47.43145
47.49145
47.49145
47.46145
44.73137
45.30138
47.46145
47.46145
47.49145
47.46145
46.53142
47.52145
47.46145
47.43145
47.49145
47.46145
47.49145
47.43145
47.49145
47.46145
47.37145
46.77143
45.00137
46.89143
46.89143
46.68142
46.44142
44.28135
46.08141
45.90140
45.93140
45.60139
45.36138
45.33138
45.00137
44.76137
