45.45139
47.73146
47.85146
47.85146
47.76146
47.85146
44.61136
47.88146
47.76146
47.76146
47.79146
47.79146
43.05131
47.82146
47.85146
47.76146
47.82146
47.73146
43.35132
47.73146
47.88146
47.79146
47.82146
47.85146
43.56133
47.76146
47.85146
47.79146
47.85146
47.76146
44.34135
47.82146
47.79146
47.82146
47.85146
47.79146
47.82146
47.85146
47.85146
47.85146
47.76146
47.82146
47.85146
47.82146
47.82146
47.82146
47.88146
44.37135
47.79146
47.79146
47.82146
47.82146
47.88146
47.82146
47.82146
47.82146
47.79146
47.82146
43.98134
47.79146
47.79146
47.79146
47.82146
47.82146
47.79146
47.79146
47.79146
47.79146
47.82146
47.82146
47.79146
47.82146
47.82146
47.76146
47.79146
47.82146
47.82146
47.76146
47.82146
47.79146
44.25135
47.82146
47.79146
47.79146
47.82146
47.85146
47.82146
47.82146
47.85146
47.82146
47.76146
47.82146
47.79146
47.76146
47.85146
47.82146
47.82146
47.82146
47.79146
47.79146
47.73146
47.70146
47.76146
43.59133
47.73146
47.43145
47.40145
47.28144
45.87140
47.19144
47.07144
46.80143
46.80143
46.71143
46.38142
46.41142
46.20141
46.08141
45.87140
42.42129
45.48139
45.51139
45.15138
44.97137
45.12138
