17.04649
17.90163
35.89328
71.78656
17.91288
17.94664
16.73144
17.95789
35.82577
17.91288
53.77241
71.69655
16.14635
53.80616
35.89328
17.91288
17.93539
71.60653
81.29434
35.80327
53.87368
17.92414
53.80616
17.94664
49.01289
89.56442
53.83992
35.84827
17.94664
35.82577
49.89053
17.93539
17.92414
35.87078
35.89328
17.92414
35.87078
35.89328
35.89328
35.89328
17.91288
0.00000
17.94664
35.87078
17.93539
35.87078
35.91578
0.00000
17.92414
0.00000
35.87078
35.87078
17.95789
53.80616
17.93539
35.87078
53.77241
35.87078
16.49516
35.84827
35.84827
17.92414
35.87078
53.80616
53.77241
17.92414
35.84827
35.84827
17.93539
53.80616
35.84827
53.80616
17.93539
0.00000
17.92414
17.93539
53.80616
17.91288
17.93539
17.92414
16.59642
0.00000
17.92414
53.77241
35.87078
17.94664
0.00000
17.93539
17.94664
53.80616
35.82577
17.93539
17.92414
17.91288
53.83992
17.93539
17.93539
53.80616
71.69655
17.92414
107.40980
375.69800
429.90923
261.58212
304.32776
1334.18359
1066.67176
1400.89558
1290.30152
2407.07761
2859.96303
2913.76920
3194.61442
3836.67656
4105.29107
4543.11032
5007.73139
5063.85542
6038.61114
7207.25807
6823.09871
7476.22138
8941.13977
8703.09644
8630.58977
