17.04649 0.00000 0.00000 0.00000 0.00000 0.00000
17.90163 0.00000 0.00000 0.00000 0.00000 0.00000
0.00000 0.00000 0.00000 0.00000 17.94664 17.94664
0.00000 17.94664 0.00000 0.00000 35.89328 17.94664
0.00000 0.00000 0.00000 0.00000 0.00000 17.91288
0.00000 0.00000 17.94664 0.00000 0.00000 0.00000
0.00000 0.00000 0.00000 0.00000 0.00000 16.73144
0.00000 0.00000 0.00000 0.00000 17.95789 0.00000
0.00000 0.00000 17.91288 0.00000 0.00000 17.91288
0.00000 0.00000 0.00000 0.00000 17.91288 0.00000
0.00000 17.92414 17.92414 0.00000 17.92414 0.00000
0.00000 17.92414 0.00000 0.00000 17.92414 35.84827
0.00000 0.00000 0.00000 0.00000 16.14635 0.00000
17.93539 0.00000 17.93539 0.00000 0.00000 17.93539
0.00000 17.94664 0.00000 0.00000 17.94664 0.00000
0.00000 0.00000 0.00000 0.00000 0.00000 17.91288
0.00000 0.00000 0.00000 0.00000 0.00000 17.93539
17.90163 0.00000 0.00000 17.90163 35.80327 0.00000
16.25887 16.25887 0.00000 0.00000 16.25887 32.51774
0.00000 0.00000 0.00000 0.00000 17.90163 17.90163
0.00000 0.00000 17.95789 17.95789 0.00000 17.95789
0.00000 0.00000 0.00000 0.00000 17.92414 0.00000
0.00000 17.93539 0.00000 0.00000 17.93539 17.93539
0.00000 17.94664 0.00000 0.00000 0.00000 0.00000
0.00000 16.33763 0.00000 0.00000 16.33763 16.33763
0.00000 17.91288 17.91288 0.00000 17.91288 35.82577
0.00000 17.94664 0.00000 0.00000 17.94664 17.94664
0.00000 0.00000 17.92414 0.00000 17.92414 0.00000
0.00000 17.94664 0.00000 0.00000 0.00000 0.00000
0.00000 17.91288 0.00000 0.00000 17.91288 0.00000
0.00000 0.00000 0.00000 0.00000 33.26036 16.63018
0.00000 17.93539 0.00000 0.00000 0.00000 0.00000
0.00000 0.00000 0.00000 0.00000 17.92414 0.00000
0.00000 0.00000 0.00000 17.93539 17.93539 0.00000
0.00000 0.00000 0.00000 0.00000 17.94664 17.94664
0.00000 0.00000 0.00000 0.00000 17.92414 0.00000
17.93539 0.00000 0.00000 0.00000 17.93539 0.00000
0.00000 0.00000 0.00000 17.94664 17.94664 0.00000
17.94664 0.00000 17.94664 0.00000 0.00000 0.00000
17.94664 17.94664 0.00000 0.00000 0.00000 0.00000
0.00000 0.00000 0.00000 0.00000 17.91288 0.00000
0.00000 0.00000 0.00000 0.00000 0.00000 0.00000
0.00000 0.00000 0.00000 0.00000 17.94664 0.00000
0.00000 0.00000 17.93539 0.00000 17.93539 0.00000
0.00000 0.00000 0.00000 0.00000 17.93539 0.00000
0.00000 0.00000 0.00000 0.00000 17.93539 17.93539
0.00000 17.95789 0.00000 0.00000 17.95789 0.00000
0.00000 0.00000 0.00000 0.00000 0.00000 0.00000
0.00000 17.92414 0.00000 0.00000 0.00000 0.00000
0.00000 0.00000 0.00000 0.00000 0.00000 0.00000
0.00000 0.00000 0.00000 0.00000 17.93539 17.93539
0.00000 0.00000 17.93539 0.00000 0.00000 17.93539
0.00000 0.00000 0.00000 0.00000 0.00000 17.95789
0.00000 0.00000 0.00000 0.00000 35.87078 17.93539
0.00000 0.00000 0.00000 0.00000 17.93539 0.00000
0.00000 0.00000 0.00000 0.00000 17.93539 17.93539
17.92414 0.00000 0.00000 0.00000 17.92414 17.92414
17.93539 0.00000 0.00000 0.00000 0.00000 17.93539
0.00000 0.00000 0.00000 0.00000 0.00000 16.49516
17.92414 0.00000 0.00000 0.00000 17.92414 0.00000
0.00000 0.00000 17.92414 0.00000 17.92414 0.00000
0.00000 0.00000 0.00000 0.00000 0.00000 17.92414
0.00000 0.00000 0.00000 0.00000 17.93539 17.93539
0.00000 17.93539 0.00000 0.00000 35.87078 0.00000
17.92414 0.00000 0.00000 0.00000 35.84827 0.00000
0.00000 17.92414 0.00000 0.00000 0.00000 0.00000
17.92414 0.00000 0.00000 0.00000 17.92414 0.00000
17.92414 0.00000 0.00000 0.00000 0.00000 17.92414
0.00000 0.00000 0.00000 0.00000 17.93539 0.00000
0.00000 0.00000 0.00000 0.00000 35.87078 17.93539
0.00000 17.92414 0.00000 0.00000 17.92414 0.00000
17.93539 0.00000 17.93539 0.00000 0.00000 17.93539
17.93539 0.00000 0.00000 0.00000 0.00000 0.00000
0.00000 0.00000 0.00000 0.00000 0.00000 0.00000
0.00000 17.92414 0.00000 0.00000 0.00000 0.00000
0.00000 0.00000 0.00000 0.00000 17.93539 0.00000
17.93539 17.93539 0.00000 0.00000 17.93539 0.00000
0.00000 0.00000 0.00000 0.00000 17.91288 0.00000
0.00000 0.00000 17.93539 0.00000 0.00000 0.00000
0.00000 0.00000 17.92414 0.00000 0.00000 0.00000
0.00000 0.00000 0.00000 0.00000 16.59642 0.00000
0.00000 0.00000 0.00000 0.00000 0.00000 0.00000
0.00000 0.00000 0.00000 17.92414 0.00000 0.00000
0.00000 0.00000 17.92414 0.00000 17.92414 17.92414
0.00000 17.93539 0.00000 0.00000 17.93539 0.00000
0.00000 0.00000 0.00000 0.00000 17.94664 0.00000
0.00000 0.00000 0.00000 0.00000 0.00000 0.00000
0.00000 0.00000 0.00000 0.00000 17.93539 0.00000
0.00000 17.94664 0.00000 0.00000 0.00000 0.00000
0.00000 0.00000 0.00000 0.00000 35.87078 17.93539
0.00000 0.00000 0.00000 0.00000 17.91288 17.91288
0.00000 0.00000 0.00000 0.00000 0.00000 17.93539
0.00000 17.92414 0.00000 0.00000 0.00000 0.00000
0.00000 0.00000 0.00000 0.00000 0.00000 17.91288
0.00000 0.00000 17.94664 0.00000 17.94664 17.94664
0.00000 0.00000 0.00000 17.93539 0.00000 0.00000
0.00000 0.00000 17.93539 0.00000 0.00000 0.00000
17.93539 0.00000 0.00000 17.93539 17.93539 0.00000
0.00000 17.92414 17.92414 17.92414 17.92414 0.00000
0.00000 0.00000 17.92414 0.00000 0.00000 0.00000
17.90163 0.00000 17.90163 0.00000 35.80327 35.80327
35.78076 107.34229 53.67114 17.89038 71.56152 89.45190
107.47731 107.47731 17.91288 0.00000 89.56442 107.47731
65.39553 49.04665 16.34888 16.34888 32.69777 81.74441
107.40980 53.70490 0.00000 0.00000 35.80327 107.40980
355.78229 213.46937 142.31292 177.89115 160.10203 284.62583
355.55725 213.33435 106.66718 35.55573 17.77786 337.77939
407.85568 354.65711 88.66428 0.00000 53.19857 496.51995
567.73267 309.67237 86.02010 17.20402 103.22412 206.44824
1026.54780 654.86670 159.29190 35.39820 123.89370 407.07930
1076.89966 741.47190 141.23274 17.65409 158.88684 723.81781
1105.82807 842.53567 175.52826 105.31696 70.21131 614.34893
1597.30721 667.00741 140.42261 17.55283 122.86979 649.45458
1804.46432 1033.62519 175.19071 17.51907 87.59536 718.28191
1843.90192 921.95096 330.51072 104.37181 121.76711 782.78855
2123.59946 1444.74389 0.00000 0.00000 34.81311 939.95386
2529.85738 1368.89543 34.65558 0.00000 17.32779 1056.99521
2039.36840 1365.33986 51.84835 0.00000 0.00000 1607.29882
3303.17190 1393.52565 17.20402 0.00000 0.00000 1324.70957
2959.27153 1702.37663 604.58235 190.92074 0.00000 1750.10682
3121.56766 1739.89017 324.09719 0.00000 0.00000 1637.54369
3294.31673 1860.52085 375.51797 34.13800 51.20700 1860.52085
3860.94672 2472.36062 491.08533 67.73591 0.00000 2049.01120
3508.22492 1956.51005 708.39157 590.32631 33.73293 1905.91066
3367.62228 2233.79970 693.83173 169.22725 203.07270 1963.03610
