0.37505 0.00000 0.00000 0.00000 0.00000 0.00000
0.37505 0.00000 0.00000 0.00000 0.00000 0.00000
0.00000 0.00000 0.00000 0.00000 0.37505 0.37505
0.00000 0.37505 0.00000 0.00000 0.75010 0.37505
0.00000 0.00000 0.00000 0.00000 0.00000 0.37505
0.00000 0.00000 0.37505 0.00000 0.00000 0.00000
0.00000 0.00000 0.00000 0.00000 0.00000 0.37505
0.00000 0.00000 0.00000 0.00000 0.37505 0.00000
0.00000 0.00000 0.37505 0.00000 0.00000 0.37505
0.00000 0.00000 0.00000 0.00000 0.37505 0.00000
0.00000 0.37505 0.37505 0.00000 0.37505 0.00000
0.00000 0.37505 0.00000 0.00000 0.37505 0.75010
0.00000 0.00000 0.00000 0.00000 0.37505 0.00000
0.37505 0.00000 0.37505 0.00000 0.00000 0.37505
0.00000 0.37505 0.00000 0.00000 0.37505 0.00000
0.00000 0.00000 0.00000 0.00000 0.00000 0.37505
0.00000 0.00000 0.00000 0.00000 0.00000 0.37505
0.37505 0.00000 0.00000 0.37505 0.75010 0.00000
0.37505 0.37505 0.00000 0.00000 0.37505 0.75010
0.00000 0.00000 0.00000 0.00000 0.37505 0.37505
0.00000 0.00000 0.37505 0.37505 0.00000 0.37505
0.00000 0.00000 0.00000 0.00000 0.37505 0.00000
0.00000 0.37505 0.00000 0.00000 0.37505 0.37505
0.00000 0.37505 0.00000 0.00000 0.00000 0.00000
0.00000 0.37505 0.00000 0.00000 0.37505 0.37505
0.00000 0.37505 0.37505 0.00000 0.37505 0.75010
0.00000 0.37505 0.00000 0.00000 0.37505 0.37505
0.00000 0.00000 0.37505 0.00000 0.37505 0.00000
0.00000 0.37505 0.00000 0.00000 0.00000 0.00000
0.00000 0.37505 0.00000 0.00000 0.37505 0.00000
0.00000 0.00000 0.00000 0.00000 0.75010 0.37505
0.00000 0.37505 0.00000 0.00000 0.00000 0.00000
0.00000 0.00000 0.00000 0.00000 0.37505 0.00000
0.00000 0.00000 0.00000 0.37505 0.37505 0.00000
0.00000 0.00000 0.00000 0.00000 0.37505 0.37505
0.00000 0.00000 0.00000 0.00000 0.37505 0.00000
0.37505 0.00000 0.00000 0.00000 0.37505 0.00000
0.00000 0.00000 0.00000 0.37505 0.37505 0.00000
0.37505 0.00000 0.37505 0.00000 0.00000 0.00000
0.37505 0.37505 0.00000 0.00000 0.00000 0.00000
0.00000 0.00000 0.00000 0.00000 0.37505 0.00000
0.00000 0.00000 0.00000 0.00000 0.00000 0.00000
0.00000 0.00000 0.00000 0.00000 0.37505 0.00000
0.00000 0.00000 0.37505 0.00000 0.37505 0.00000
0.00000 0.00000 0.00000 0.00000 0.37505 0.00000
0.00000 0.00000 0.00000 0.00000 0.37505 0.37505
0.00000 0.37505 0.00000 0.00000 0.37505 0.00000
0.00000 0.00000 0.00000 0.00000 0.00000 0.00000
0.00000 0.37505 0.00000 0.00000 0.00000 0.00000
0.00000 0.00000 0.00000 0.00000 0.00000 0.00000
0.00000 0.00000 0.00000 0.00000 0.37505 0.37505
0.00000 0.00000 0.37505 0.00000 0.00000 0.37505
0.00000 0.00000 0.00000 0.00000 0.00000 0.37505
0.00000 0.00000 0.00000 0.00000 0.75010 0.37505
0.00000 0.00000 0.00000 0.00000 0.37505 0.00000
0.00000 0.00000 0.00000 0.00000 0.37505 0.37505
0.37505 0.00000 0.00000 0.00000 0.37505 0.37505
0.37505 0.00000 0.00000 0.00000 0.00000 0.37505
0.00000 0.00000 0.00000 0.00000 0.00000 0.37505
0.37505 0.00000 0.00000 0.00000 0.37505 0.00000
0.00000 0.00000 0.37505 0.00000 0.37505 0.00000
0.00000 0.00000 0.00000 0.00000 0.00000 0.37505
0.00000 0.00000 0.00000 0.00000 0.37505 0.37505
0.00000 0.37505 0.00000 0.00000 0.75010 0.00000
0.37505 0.00000 0.00000 0.00000 0.75010 0.00000
0.00000 0.37505 0.00000 0.00000 0.00000 0.00000
0.37505 0.00000 0.00000 0.00000 0.37505 0.00000
0.37505 0.00000 0.00000 0.00000 0.00000 0.37505
0.00000 0.00000 0.00000 0.00000 0.37505 0.00000
0.00000 0.00000 0.00000 0.00000 0.75010 0.37505
0.00000 0.37505 0.00000 0.00000 0.37505 0.00000
0.37505 0.00000 0.37505 0.00000 0.00000 0.37505
0.37505 0.00000 0.00000 0.00000 0.00000 0.00000
0.00000 0.00000 0.00000 0.00000 0.00000 0.00000
0.00000 0.37505 0.00000 0.00000 0.00000 0.00000
0.00000 0.00000 0.00000 0.00000 0.37505 0.00000
0.37505 0.37505 0.00000 0.00000 0.37505 0.00000
0.00000 0.00000 0.00000 0.00000 0.37505 0.00000
0.00000 0.00000 0.37505 0.00000 0.00000 0.00000
0.00000 0.00000 0.37505 0.00000 0.00000 0.00000
0.00000 0.00000 0.00000 0.00000 0.37505 0.00000
0.00000 0.00000 0.00000 0.00000 0.00000 0.00000
0.00000 0.00000 0.00000 0.37505 0.00000 0.00000
0.00000 0.00000 0.37505 0.00000 0.37505 0.37505
0.00000 0.37505 0.00000 0.00000 0.37505 0.00000
0.00000 0.00000 0.00000 0.00000 0.37505 0.00000
0.00000 0.00000 0.00000 0.00000 0.00000 0.00000
0.00000 0.00000 0.00000 0.00000 0.37505 0.00000
0.00000 0.37505 0.00000 0.00000 0.00000 0.00000
0.00000 0.00000 0.00000 0.00000 0.75010 0.37505
0.00000 0.00000 0.00000 0.00000 0.37505 0.37505
0.00000 0.00000 0.00000 0.00000 0.00000 0.37505
0.00000 0.37505 0.00000 0.00000 0.00000 0.00000
0.00000 0.00000 0.00000 0.00000 0.00000 0.37505
0.00000 0.00000 0.37505 0.00000 0.37505 0.37505
0.00000 0.00000 0.00000 0.37505 0.00000 0.00000
0.00000 0.00000 0.37505 0.00000 0.00000 0.00000
0.37505 0.00000 0.00000 0.37505 0.37505 0.00000
0.00000 0.37505 0.37505 0.37505 0.37505 0.00000
0.00000 0.00000 0.37505 0.00000 0.00000 0.00000
0.37505 0.00000 0.37505 0.00000 0.75010 0.75010
0.75010 2.25029 1.12515 0.37505 1.50020 1.87524
2.25029 2.25029 0.37505 0.00000 1.87524 2.25029
1.50020 1.12515 0.37505 0.37505 0.75010 1.87524
2.25029 1.12515 0.00000 0.00000 0.75010 2.25029
7.50098 4.50059 3.00039 3.75049 3.37544 6.00078
7.50098 4.50059 2.25029 0.75010 0.37505 7.12593
8.62613 7.50098 1.87524 0.00000 1.12515 10.50137
12.37662 6.75088 1.87524 0.37505 2.25029 4.50059
21.75284 13.87681 3.37544 0.75010 2.62534 8.62613
22.87799 15.75206 3.00039 0.37505 3.37544 15.37701
23.62808 18.00235 3.75049 2.25029 1.50020 13.12671
34.12945 14.25186 3.00039 0.37505 2.62534 13.87681
38.63004 22.12789 3.75049 0.37505 1.87524 15.37701
39.75519 19.87759 7.12593 2.25029 2.62534 16.87720
45.75597 31.12906 0.00000 0.00000 0.75010 20.25264
54.75715 29.62887 0.75010 0.00000 0.37505 22.87799
44.25578 29.62887 1.12515 0.00000 0.00000 34.87955
72.00940 30.37896 0.37505 0.00000 0.00000 28.87877
69.75910 40.13024 14.25186 4.50059 0.00000 41.25538
68.63396 38.25499 7.12593 0.00000 0.00000 36.00470
72.38445 40.88034 8.25108 0.75010 1.12515 40.88034
85.51116 54.75715 10.87642 1.50020 0.00000 45.38092
78.01018 43.50568 15.75206 13.12671 0.75010 42.38053
74.63474 49.50646 15.37701 3.75049 4.50059 43.50568
