48.66149
48.63148
48.72149
48.72149
48.63148
48.69149
48.60148
48.72149
48.63148
45.78140
48.66149
48.72149
48.72149
48.63148
48.66149
48.69149
48.72149
48.72149
48.72149
46.65142
48.63148
48.63148
48.69149
48.66149
48.63148
48.69149
48.66149
48.66149
48.66149
48.66149
47.67145
48.63148
48.66149
48.69149
48.69149
48.72149
48.66149
48.63148
48.72149
48.72149
48.72149
48.69149
48.66149
48.66149
48.66149
48.57148
48.63148
47.85146
48.63148
48.63148
48.69149
48.63148
48.60148
48.66149
48.72149
48.72149
48.66149
48.69149
48.66149
48.69149
48.72149
48.69149
48.69149
48.66149
46.89143
48.66149
48.60148
48.66149
48.72149
48.66149
46.47142
48.63148
48.69149
48.66149
48.72149
48.69149
48.63148
48.69149
48.69149
48.63148
48.63148
48.72149
46.53142
48.66149
48.66149
48.66149
48.69149
46.86143
48.69149
48.72149
48.66149
48.72149
48.75149
48.66149
48.69149
48.72149
48.63148
48.60148
48.63148
48.66149
48.60148
48.72149
48.63148
48.72149
46.83143
48.69149
48.75149
48.69149
48.66149
48.63148
48.42148
48.69149
48.69149
48.66149
48.66149
48.72149
48.69149
48.72149
48.66149
48.66149
48.72149
48.63148
48.66149
48.69149
48.63148
48.66149
48.63148
48.69149
48.69149
48.66149
47.97146
48.03147
48.69149
48.63148
48.69149
48.66149
48.72149
48.66149
48.66149
48.72149
48.66149
48.63148
48.69149
48.63148
48.69149
48.66149
46.71143
48.72149
48.72149
48.63148
48.72149
48.75149
48.03147
48.75149
48.72149
48.72149
48.69149
48.69149
47.16144
48.66149
48.66149
48.66149
48.72149
48.63148
48.66149
48.21147
48.66149
48.66149
48.72149
48.03147
48.69149
48.66149
48.66149
48.63148
47.64145
48.60148
48.69149
48.66149
48.63148
48.09147
48.66149
48.69149
48.72149
48.69149
48.72149
46.29141
48.66149
48.63148
48.69149
48.69149
48.72149
48.72149
48.72149
48.66149
48.63148
47.58145
48.66149
48.69149
48.63148
48.63148
48.63148
48.72149
48.63148
48.72149
48.66149
48.66149
47.22144
48.60148
48.72149
48.63148
48.69149
48.69149
48.63148
48.69149
48.69149
48.66149
48.63148
48.69149
48.69149
48.66149
48.69149
48.69149
48.63148
48.66149
48.66149
48.66149
48.69149
48.69149
48.72149
48.60148
48.72149
48.72149
48.72149
47.13144
47.76146
48.66149
48.66149
48.66149
46.11141
48.72149
48.69149
48.63148
48.63148
48.69149
48.63148
48.66149
48.63148
48.72149
48.63148
46.86143
48.72149
48.69149
48.69149
48.69149
47.16144
48.72149
48.66149
48.63148
48.69149
47.25144
46.32141
48.69149
48.69149
48.66149
48.66149
48.69149
48.72149
48.72149
48.72149
48.63148
48.63148
48.63148
48.63148
48.63148
48.60148
48.66149
48.72149
46.80143
48.57148
48.72149
48.72149
48.66149
48.69149
48.66149
48.66149
48.63148
48.69149
48.69149
48.66149
48.69149
48.69149
48.69149
48.72149
48.66149
48.63148
48.63148
48.66149
48.63148
48.69149
48.69149
48.12147
48.72149
48.69149
48.60148
48.72149
48.60148
48.63148
48.69149
48.63148
48.66149
48.69149
47.79146
48.69149
48.69149
48.66149
48.66149
48.69149
47.94146
48.63148
48.69149
48.69149
48.69149
48.69149
48.63148
48.66149
48.69149
48.60148
48.66149
48.69149
48.72149
48.57148
48.72149
45.51139
38.97119
31.50096
21.78066
6.99021
4.77015
4.41013
4.41013
4.38013
4.41013
4.41013
4.35013
4.41013
4.41013
4.41013
6.33019
4.41013
4.41013
4.38013
4.35013
4.47014
4.41013
4.38013
4.41013
4.38013
4.38013
4.38013
6.15019
4.38013
4.38013
4.41013
4.38013
4.41013
4.83015
4.38013
4.32013
4.35013
4.35013
4.38013
48.63148
48.72149
48.69149
48.66149
48.66149
48.57148
48.69149
48.60148
45.78140
20.88064
6.33019
4.35013
4.41013
4.44014
4.38013
4.41013
6.63020
4.41013
4.38013
4.44014
4.41013
4.89015
4.38013
4.38013
4.41013
4.32013
4.41013
4.44014
4.47014
4.44014
4.44014
4.44014
4.35013
4.41013
4.41013
4.41013
4.41013
4.41013
4.41013
4.44014
4.47014
4.38013
4.38013
4.41013
4.35013
4.35013
4.32013
4.38013
4.38013
5.16016
4.41013
4.38013
4.41013
4.38013
4.32013
5.49017
4.38013
4.41013
4.35013
4.35013
4.44014
4.89015
4.41013
4.44014
4.41013
4.38013
4.68014
4.41013
4.35013
4.38013
4.41013
4.41013
5.46017
4.44014
4.41013
4.32013
4.41013
6.42020
4.41013
4.38013
4.44014
4.44014
4.38013
4.41013
4.41013
4.38013
4.44014
4.77015
4.38013
4.35013
4.41013
4.41013
4.38013
4.41013
4.38013
4.41013
4.38013
4.44014
4.38013
4.35013
4.41013
4.41013
4.32013
4.38013
4.44014
4.38013
4.44014
4.38013
4.38013
4.44014
4.80015
4.38013
4.35013
4.38013
4.41013
6.15019
4.44014
4.41013
4.44014
4.38013
4.41013
4.38013
4.35013
4.41013
4.41013
4.41013
4.41013
4.41013
4.41013
4.38013
4.41013
4.38013
4.92015
4.41013
4.41013
4.38013
4.38013
4.74014
4.41013
4.38013
4.44014
4.47014
4.41013
4.44014
4.41013
4.41013
4.47014
4.41013
4.47014
4.38013
4.38013
4.38013
4.38013
4.35013
