0.00000 0.00000 0.37505 0.00000 0.37505 0.00000
0.00000 0.37505 0.00000 0.00000 0.37505 0.00000
0.00000 0.00000 0.00000 0.00000 0.00000 0.00000
0.00000 0.00000 0.00000 0.00000 0.00000 0.00000
0.00000 0.00000 0.00000 0.00000 0.00000 0.00000
0.00000 0.00000 0.00000 0.00000 0.37505 0.37505
0.37505 0.00000 0.00000 0.00000 0.00000 0.00000
0.00000 0.00000 0.00000 0.00000 0.00000 0.00000
0.00000 0.00000 0.00000 0.00000 0.00000 0.00000
0.00000 0.00000 0.00000 0.00000 0.37505 0.37505
0.00000 0.37505 0.00000 0.00000 0.00000 0.00000
0.00000 0.00000 0.00000 0.00000 0.00000 0.00000
0.00000 0.00000 0.00000 0.00000 0.00000 0.00000
0.00000 0.00000 0.00000 0.00000 0.00000 0.00000
0.37505 0.00000 0.00000 0.00000 0.00000 0.00000
0.00000 0.00000 0.00000 0.00000 0.00000 0.00000
0.00000 0.00000 0.00000 0.00000 0.37505 0.00000
0.00000 0.00000 0.37505 0.00000 0.00000 0.00000
0.00000 0.00000 0.00000 0.00000 0.37505 0.00000
0.00000 0.00000 0.00000 0.00000 0.00000 0.00000
0.00000 0.00000 0.00000 0.00000 0.37505 0.00000
0.00000 0.00000 0.00000 0.00000 0.37505 0.00000
0.00000 0.00000 0.00000 0.00000 0.00000 0.00000
0.00000 0.00000 0.00000 0.37505 0.00000 0.00000
0.00000 0.00000 0.00000 0.00000 0.00000 0.00000
0.00000 0.00000 0.00000 0.00000 0.00000 0.00000
0.00000 0.00000 0.00000 0.00000 0.37505 0.00000
0.00000 0.00000 0.00000 0.00000 0.00000 0.00000
0.00000 0.00000 0.00000 0.37505 0.37505 0.00000
0.00000 0.00000 0.00000 0.00000 0.00000 0.00000
0.00000 0.00000 0.00000 0.00000 0.37505 0.37505
0.00000 0.00000 0.37505 0.37505 0.00000 0.00000
0.00000 0.00000 0.00000 0.00000 0.00000 0.00000
0.00000 0.00000 0.00000 0.00000 0.00000 0.37505
0.00000 0.00000 0.00000 0.00000 0.00000 0.37505
0.00000 0.00000 0.00000 0.00000 0.37505 0.37505
0.37505 0.00000 0.00000 0.00000 0.00000 0.37505
0.00000 0.00000 0.00000 0.00000 0.37505 0.00000
0.00000 0.00000 0.00000 0.00000 0.37505 0.00000
0.00000 0.00000 0.00000 0.00000 0.37505 0.00000
0.00000 0.00000 0.00000 0.00000 0.00000 0.00000
0.00000 0.00000 0.00000 0.00000 0.00000 0.00000
0.00000 0.00000 0.00000 0.00000 0.00000 0.00000
0.00000 0.37505 0.00000 0.00000 0.00000 0.00000
0.00000 0.00000 0.00000 0.00000 0.00000 0.00000
0.00000 0.00000 0.00000 0.00000 0.00000 0.00000
0.00000 0.00000 0.00000 0.00000 0.00000 0.00000
0.00000 0.00000 0.37505 0.00000 0.37505 0.00000
0.00000 0.00000 0.00000 0.00000 0.00000 0.00000
0.00000 0.00000 0.00000 0.00000 0.00000 0.00000
0.00000 0.00000 0.00000 0.00000 0.37505 0.00000
0.00000 0.00000 0.00000 0.00000 0.00000 0.37505
0.37505 0.00000 0.00000 0.00000 0.37505 0.00000
0.00000 0.00000 0.37505 0.00000 0.37505 0.37505
0.00000 0.00000 0.00000 0.00000 0.37505 0.37505
0.00000 0.00000 0.00000 0.00000 0.00000 0.00000
0.00000 0.00000 0.00000 0.00000 0.37505 0.00000
0.00000 0.00000 0.00000 0.00000 0.00000 0.00000
0.00000 0.37505 0.00000 0.00000 0.37505 0.37505
0.00000 0.37505 0.00000 0.00000 0.37505 0.00000
0.00000 0.00000 0.00000 0.37505 0.37505 0.00000
0.00000 0.37505 0.00000 0.00000 0.00000 0.00000
0.00000 0.00000 0.00000 0.37505 0.37505 0.00000
0.00000 0.00000 0.00000 0.00000 0.00000 0.00000
0.00000 0.00000 0.37505 0.00000 0.37505 0.00000
0.37505 0.00000 0.00000 0.00000 0.00000 0.00000
0.00000 0.00000 0.00000 0.00000 0.00000 0.37505
0.00000 0.00000 0.00000 0.00000 0.00000 0.00000
0.00000 0.00000 0.00000 0.00000 0.00000 0.00000
0.00000 0.00000 0.00000 0.00000 0.37505 0.00000
0.00000 0.00000 0.00000 0.00000 0.00000 0.00000
0.00000 0.00000 0.00000 0.00000 0.37505 0.00000
0.37505 0.00000 0.00000 0.00000 0.00000 0.00000
0.00000 0.00000 0.00000 0.37505 0.00000 0.00000
0.00000 0.00000 0.00000 0.00000 0.00000 0.00000
0.00000 0.00000 0.37505 0.37505 0.00000 0.00000
0.00000 0.00000 0.00000 0.00000 0.00000 0.00000
0.00000 0.37505 0.00000 0.00000 0.00000 0.00000
0.00000 0.37505 0.00000 0.00000 0.37505 0.37505
0.00000 0.00000 0.00000 0.00000 0.37505 0.00000
0.00000 0.00000 0.00000 0.00000 0.37505 0.00000
0.00000 0.00000 0.00000 0.00000 0.37505 0.00000
0.00000 0.00000 0.00000 0.00000 0.37505 0.00000
0.00000 0.00000 0.00000 0.00000 0.37505 0.00000
0.00000 0.00000 0.00000 0.00000 0.00000 0.00000
0.00000 0.00000 0.00000 0.00000 0.00000 0.00000
0.00000 0.37505 0.00000 0.00000 0.00000 0.00000
0.00000 0.37505 0.00000 0.00000 0.37505 0.00000
0.00000 0.37505 0.00000 0.37505 0.00000 0.37505
0.00000 0.37505 0.00000 0.00000 0.00000 0.00000
0.37505 0.00000 0.00000 0.00000 0.00000 0.00000
0.00000 0.00000 0.00000 0.00000 0.37505 0.00000
0.00000 0.37505 0.00000 0.00000 0.00000 0.00000
0.37505 0.00000 0.00000 0.00000 0.00000 0.00000
0.00000 0.00000 0.00000 0.00000 0.37505 0.00000
0.37505 0.00000 0.00000 0.37505 0.00000 0.00000
0.00000 0.00000 0.00000 0.37505 0.00000 0.00000
0.00000 0.00000 0.00000 0.37505 0.00000 0.00000
0.37505 0.00000 0.00000 0.00000 0.00000 0.00000
0.00000 0.00000 0.00000 0.37505 0.37505 0.37505
0.00000 0.00000 0.00000 0.00000 0.00000 0.00000
0.37505 0.37505 0.00000 0.00000 0.00000 0.00000
0.00000 0.00000 0.00000 0.00000 0.00000 0.00000
0.00000 0.00000 0.00000 0.00000 0.37505 0.00000
0.00000 0.00000 0.00000 0.37505 0.37505 0.00000
0.00000 0.00000 0.00000 0.00000 0.37505 0.00000
0.00000 0.00000 0.00000 0.00000 0.00000 0.00000
0.00000 0.00000 0.37505 0.37505 0.00000 0.00000
0.00000 0.00000 0.00000 0.00000 0.37505 0.00000
0.00000 0.00000 0.00000 0.00000 0.37505 0.00000
0.00000 0.00000 0.00000 0.37505 0.37505 0.00000
0.00000 0.00000 0.37505 0.37505 0.37505 0.00000
0.00000 0.00000 0.00000 0.00000 0.00000 0.00000
0.00000 0.00000 0.00000 0.37505 0.00000 0.00000
0.37505 0.00000 0.00000 0.00000 0.00000 0.00000
0.37505 0.00000 0.00000 0.00000 0.00000 0.00000
0.00000 0.00000 0.00000 0.00000 0.00000 0.00000
0.00000 0.37505 0.00000 0.00000 0.37505 0.00000
0.00000 0.00000 0.00000 0.00000 0.00000 0.00000
0.00000 0.00000 0.37505 0.00000 0.37505 0.00000
0.00000 0.00000 0.00000 0.00000 0.00000 0.00000
0.00000 0.00000 0.00000 0.00000 0.00000 0.00000
0.00000 0.00000 0.00000 0.37505 0.00000 0.00000
0.00000 0.00000 0.00000 0.00000 0.00000 0.00000
0.37505 0.00000 0.00000 0.00000 0.37505 0.00000
0.37505 0.00000 0.00000 0.00000 0.00000 0.00000
0.00000 0.00000 0.00000 0.00000 0.37505 0.00000
0.00000 0.00000 0.00000 0.00000 0.00000 0.37505
0.00000 0.00000 0.00000 0.37505 0.00000 0.00000
0.00000 0.00000 0.00000 0.00000 0.00000 0.00000
0.00000 0.00000 0.00000 0.00000 0.00000 0.00000
0.00000 0.00000 0.37505 0.37505 0.00000 0.00000
0.00000 0.00000 0.00000 0.00000 0.00000 0.00000
0.37505 0.00000 0.00000 0.00000 0.37505 0.00000
0.00000 0.37505 0.00000 0.00000 0.00000 0.00000
0.00000 0.00000 0.37505 0.00000 0.37505 0.00000
0.37505 0.00000 0.37505 0.00000 0.00000 0.37505
0.00000 0.00000 0.00000 0.00000 0.00000 0.00000
0.00000 0.37505 0.00000 0.00000 0.00000 0.00000
0.37505 0.00000 0.00000 0.00000 0.00000 0.00000
0.00000 0.00000 0.00000 0.00000 0.37505 0.37505
0.00000 0.37505 0.00000 0.00000 0.00000 0.00000
0.00000 0.00000 0.00000 0.00000 0.00000 0.37505
0.00000 0.00000 0.37505 0.00000 0.00000 0.00000
0.00000 0.00000 0.00000 0.37505 0.00000 0.00000
0.00000 0.00000 0.00000 0.37505 0.37505 0.00000
0.00000 0.00000 0.00000 0.00000 0.37505 0.00000
0.00000 0.00000 0.00000 0.00000 0.00000 0.37505
0.00000 0.00000 0.00000 0.00000 0.00000 0.00000
0.00000 0.00000 0.37505 0.00000 0.00000 0.37505
0.00000 0.00000 0.00000 0.00000 0.00000 0.00000
0.00000 0.00000 0.00000 0.00000 0.00000 0.00000
0.00000 0.37505 0.00000 0.37505 0.37505 0.00000
0.00000 0.37505 0.00000 0.00000 0.00000 0.00000
0.00000 0.00000 0.00000 0.00000 0.00000 0.00000
0.00000 0.00000 0.00000 0.00000 0.37505 0.00000
0.00000 0.00000 0.00000 0.00000 0.00000 0.00000
0.37505 0.00000 0.00000 0.37505 0.00000 0.00000
0.00000 0.00000 0.00000 0.00000 0.37505 0.00000
0.00000 0.00000 0.00000 0.00000 0.00000 0.00000
0.37505 0.00000 0.00000 0.00000 0.00000 0.00000
0.00000 0.00000 0.37505 0.00000 0.00000 0.00000
0.37505 0.00000 0.00000 0.00000 0.37505 0.00000
0.00000 0.00000 0.00000 0.00000 0.37505 0.00000
0.00000 0.00000 0.00000 0.00000 0.37505 0.00000
0.00000 0.00000 0.00000 0.37505 0.37505 0.00000
0.00000 0.00000 0.00000 0.00000 0.37505 0.00000
0.00000 0.00000 0.00000 0.37505 0.00000 0.00000
0.37505 0.00000 0.00000 0.00000 0.00000 0.00000
0.00000 0.00000 0.00000 0.00000 0.37505 0.00000
0.00000 0.00000 0.00000 0.00000 0.00000 0.00000
0.00000 0.00000 0.00000 0.00000 0.00000 0.37505
0.00000 0.00000 0.00000 0.00000 0.00000 0.00000
0.00000 0.00000 0.00000 0.00000 0.00000 0.37505
0.00000 0.00000 0.00000 0.00000 0.00000 0.00000
0.00000 0.37505 0.00000 0.00000 0.37505 0.00000
0.00000 0.37505 0.00000 0.37505 0.00000 0.00000
0.00000 0.00000 0.37505 0.00000 0.00000 0.00000
0.00000 0.00000 0.00000 0.00000 0.37505 0.00000
0.00000 0.00000 0.00000 0.37505 0.37505 0.00000
0.00000 0.00000 0.00000 0.00000 0.37505 0.00000
0.37505 0.00000 0.00000 0.37505 0.00000 0.00000
0.00000 0.37505 0.00000 0.00000 0.00000 0.00000
0.00000 0.00000 0.00000 0.00000 0.00000 0.00000
0.00000 0.00000 0.00000 0.37505 0.00000 0.00000
0.00000 0.00000 0.00000 0.00000 0.37505 0.00000
0.00000 0.00000 0.00000 0.00000 0.00000 0.37505
0.00000 0.00000 0.00000 0.37505 0.37505 0.00000
0.00000 0.37505 0.00000 0.00000 0.00000 0.37505
0.37505 0.00000 0.00000 0.00000 0.00000 0.00000
0.00000 0.00000 0.00000 0.00000 0.37505 0.00000
0.00000 0.00000 0.00000 0.00000 0.00000 0.00000
0.00000 0.00000 0.00000 0.37505 0.37505 0.00000
0.00000 0.37505 0.00000 0.00000 0.00000 0.00000
0.37505 0.00000 0.00000 0.37505 0.37505 0.00000
0.00000 0.37505 0.00000 0.00000 0.37505 0.00000
0.00000 0.00000 0.00000 0.00000 0.00000 0.00000
0.00000 0.00000 0.00000 0.00000 0.37505 0.00000
0.00000 0.00000 0.00000 0.00000 0.00000 0.00000
0.00000 0.37505 0.00000 0.00000 0.00000 0.00000
0.00000 0.37505 0.00000 0.00000 0.00000 0.37505
0.00000 0.00000 0.00000 0.00000 0.37505 0.00000
0.00000 0.00000 0.00000 0.00000 0.00000 0.00000
0.00000 0.00000 0.00000 0.00000 0.00000 0.00000
0.00000 0.00000 0.00000 0.00000 0.37505 0.00000
0.00000 0.37505 0.00000 0.37505 0.00000 0.00000
0.00000 0.00000 0.00000 0.00000 0.00000 0.00000
0.00000 0.00000 0.00000 0.00000 0.00000 0.00000
0.00000 0.00000 0.00000 0.00000 0.37505 0.00000
0.00000 0.00000 0.37505 0.00000 0.00000 0.00000
0.00000 0.00000 0.00000 0.00000 0.37505 0.00000
0.00000 0.00000 0.00000 0.00000 0.00000 0.00000
0.00000 0.00000 0.37505 0.00000 0.37505 0.00000
0.00000 0.00000 0.37505 0.00000 0.00000 0.00000
0.00000 0.00000 0.00000 0.00000 0.00000 0.00000
0.00000 0.37505 0.00000 0.00000 0.00000 0.00000
0.00000 0.00000 0.00000 0.37505 0.00000 0.00000
0.00000 0.00000 0.00000 0.00000 0.00000 0.00000
0.00000 0.00000 0.00000 0.00000 0.37505 0.37505
0.00000 0.00000 0.00000 0.00000 0.00000 0.00000
0.00000 0.37505 0.00000 0.00000 0.00000 0.00000
0.37505 0.00000 0.00000 0.00000 0.00000 0.00000
0.00000 0.37505 0.37505 0.00000 0.00000 0.00000
0.00000 0.00000 0.00000 0.00000 0.37505 0.00000
0.00000 0.00000 0.00000 0.00000 0.00000 0.00000
0.00000 0.00000 0.37505 0.00000 0.37505 0.00000
0.00000 0.00000 0.00000 0.00000 0.37505 0.00000
0.00000 0.37505 0.37505 0.00000 0.37505 0.00000
0.00000 0.00000 0.00000 0.00000 0.00000 0.00000
0.00000 0.00000 0.37505 0.00000 0.00000 0.00000
0.00000 0.00000 0.00000 0.00000 0.00000 0.00000
0.00000 0.00000 0.00000 0.00000 0.00000 0.00000
0.00000 0.00000 0.00000 0.00000 0.00000 0.00000
0.00000 0.37505 0.00000 0.00000 0.00000 0.00000
0.00000 0.00000 0.00000 0.00000 0.37505 0.00000
0.00000 0.00000 0.00000 0.00000 0.37505 0.00000
0.00000 0.00000 0.00000 0.00000 0.00000 0.00000
0.00000 0.00000 0.00000 0.00000 0.00000 0.37505
0.00000 0.00000 0.00000 0.00000 0.00000 0.37505
0.00000 0.00000 0.00000 0.00000 0.00000 0.00000
0.00000 0.00000 0.00000 0.00000 0.00000 0.37505
0.00000 0.37505 0.00000 0.00000 0.00000 0.00000
0.00000 0.00000 0.00000 0.00000 0.00000 0.00000
0.00000 0.00000 0.37505 0.00000 0.00000 0.00000
0.00000 0.00000 0.00000 0.00000 0.37505 0.00000
0.00000 0.37505 0.00000 0.37505 0.00000 0.00000
0.00000 0.00000 0.00000 0.00000 0.00000 0.37505
0.37505 0.00000 0.00000 0.00000 0.00000 0.00000
0.00000 0.37505 0.37505 0.00000 0.00000 0.00000
0.37505 0.00000 0.37505 0.00000 0.00000 0.00000
0.00000 0.00000 0.00000 0.00000 0.00000 0.00000
0.00000 0.37505 0.00000 0.00000 0.00000 0.00000
0.00000 0.00000 0.00000 0.00000 0.37505 0.00000
0.00000 0.00000 0.37505 0.00000 0.00000 0.00000
0.00000 0.00000 0.00000 0.00000 0.37505 0.00000
0.00000 0.37505 0.00000 0.00000 0.00000 0.37505
0.00000 0.00000 0.00000 0.00000 0.00000 0.37505
0.00000 0.00000 0.00000 0.00000 0.37505 0.00000
0.00000 0.00000 0.00000 0.00000 0.00000 0.00000
0.00000 0.00000 0.00000 0.00000 0.00000 0.00000
0.00000 0.00000 0.00000 0.00000 0.00000 0.00000
0.00000 0.00000 0.00000 0.00000 0.37505 0.00000
0.00000 0.00000 0.00000 0.00000 0.00000 0.00000
0.00000 0.00000 0.00000 0.00000 0.00000 0.00000
0.00000 0.00000 0.00000 0.00000 0.00000 0.00000
0.37505 0.00000 0.00000 0.00000 0.00000 0.00000
0.00000 0.37505 0.00000 0.00000 0.37505 0.00000
0.00000 0.00000 0.37505 0.00000 0.00000 0.00000
0.00000 0.00000 0.00000 0.00000 0.00000 0.00000
0.00000 0.00000 0.00000 0.00000 0.00000 0.00000
0.00000 0.00000 0.00000 0.00000 0.00000 0.00000
0.00000 0.00000 0.00000 0.00000 0.00000 0.00000
0.00000 0.00000 0.00000 0.00000 0.37505 0.00000
0.00000 0.00000 0.00000 0.00000 0.00000 0.00000
0.00000 0.00000 0.00000 0.00000 0.00000 0.00000
0.00000 0.00000 0.00000 0.00000 0.37505 0.00000
0.00000 0.00000 0.00000 0.00000 0.00000 0.00000
0.37505 0.00000 0.00000 0.00000 0.37505 0.00000
0.00000 0.37505 0.00000 0.00000 0.37505 0.00000
0.37505 0.00000 0.00000 0.00000 0.37505 0.37505
0.00000 0.00000 0.00000 0.00000 0.00000 0.37505
0.00000 0.00000 0.00000 0.00000 0.00000 0.00000
0.00000 0.00000 0.00000 0.00000 0.00000 0.00000
0.00000 0.00000 0.00000 0.00000 0.00000 0.00000
0.00000 0.37505 0.00000 0.00000 0.00000 0.00000
0.00000 0.37505 0.37505 0.00000 0.37505 0.37505
0.00000 0.00000 0.00000 0.00000 0.00000 0.00000
0.37505 0.00000 0.00000 0.37505 0.00000 0.00000
0.00000 0.37505 0.00000 0.00000 0.37505 0.00000
0.37505 0.00000 0.00000 0.00000 0.37505 0.00000
0.00000 0.00000 0.37505 0.00000 0.37505 0.00000
0.00000 0.00000 0.00000 0.00000 0.00000 0.00000
0.00000 0.00000 0.00000 0.00000 0.00000 0.00000
0.00000 0.00000 0.00000 0.37505 0.37505 0.00000
0.00000 0.00000 0.00000 0.37505 0.37505 0.37505
0.00000 0.00000 0.00000 0.00000 0.00000 0.00000
0.00000 0.00000 0.00000 0.00000 0.37505 0.00000
0.00000 0.00000 0.00000 0.00000 0.00000 0.37505
0.00000 0.37505 0.37505 0.00000 0.00000 0.00000
0.00000 0.00000 0.00000 0.00000 0.00000 0.37505
0.00000 0.37505 0.00000 0.00000 0.00000 0.00000
0.00000 0.00000 0.00000 0.00000 0.00000 0.00000
0.00000 0.00000 0.00000 0.00000 0.00000 0.00000
0.37505 0.00000 0.00000 0.00000 0.37505 0.00000
0.00000 0.00000 0.00000 0.00000 0.00000 0.00000
0.00000 0.00000 0.00000 0.00000 0.00000 0.00000
0.00000 0.37505 0.00000 0.00000 0.37505 0.00000
0.00000 0.37505 0.00000 0.00000 0.00000 0.37505
0.00000 0.37505 0.00000 0.37505 0.00000 0.00000
0.37505 0.00000 0.00000 0.00000 0.00000 0.00000
0.00000 0.00000 0.00000 0.00000 0.00000 0.00000
0.00000 0.00000 0.00000 0.00000 0.37505 0.00000
0.00000 0.00000 0.00000 0.00000 0.37505 0.00000
0.00000 0.37505 0.00000 0.00000 0.00000 0.00000
0.00000 0.00000 0.00000 0.00000 0.37505 0.00000
0.00000 0.00000 0.00000 0.00000 0.00000 0.00000
0.00000 0.00000 0.00000 0.00000 0.00000 0.00000
0.00000 0.00000 0.00000 0.00000 0.00000 0.37505
0.00000 0.00000 0.00000 0.00000 0.00000 0.37505
0.37505 0.00000 0.00000 0.00000 0.00000 0.00000
0.00000 0.00000 0.00000 0.37505 0.00000 0.37505
0.00000 0.37505 0.00000 0.00000 0.00000 0.00000
0.00000 0.00000 0.00000 0.00000 0.37505 0.00000
0.00000 0.37505 0.00000 0.00000 0.00000 0.37505
0.37505 0.37505 0.00000 0.00000 0.00000 0.37505
0.00000 0.00000 0.00000 0.00000 0.00000 0.00000
0.00000 0.00000 0.00000 0.00000 0.00000 0.37505
0.00000 0.37505 0.37505 0.00000 0.00000 0.00000
0.00000 0.00000 0.00000 0.00000 0.00000 0.00000
0.00000 0.00000 0.00000 0.00000 0.00000 0.37505
0.00000 0.00000 0.00000 0.00000 0.00000 0.00000
0.00000 0.00000 0.00000 0.37505 0.37505 0.00000
0.00000 0.00000 0.00000 0.00000 0.00000 0.00000
0.00000 0.00000 0.00000 0.00000 0.00000 0.00000
0.00000 0.00000 0.00000 0.00000 0.00000 0.00000
0.00000 0.00000 0.00000 0.37505 0.00000 0.37505
0.00000 0.00000 0.00000 0.00000 0.00000 0.00000
0.00000 0.00000 0.00000 0.00000 0.00000 0.00000
0.00000 0.00000 0.00000 0.00000 0.00000 0.00000
0.00000 0.00000 0.00000 0.00000 0.00000 0.00000
0.00000 0.00000 0.00000 0.00000 0.00000 0.00000
0.00000 0.00000 0.00000 0.00000 0.00000 0.00000
0.00000 0.00000 0.00000 0.00000 0.00000 0.00000
0.00000 0.00000 0.00000 0.00000 0.00000 0.00000
0.00000 0.00000 0.00000 0.00000 0.00000 0.00000
0.00000 0.00000 0.00000 0.00000 0.00000 0.00000
0.00000 0.00000 0.00000 0.00000 0.00000 0.00000
0.00000 0.00000 0.00000 0.00000 0.00000 0.00000
0.00000 0.00000 0.00000 0.00000 0.00000 0.00000
0.00000 0.00000 0.00000 0.00000 0.00000 0.00000
0.00000 0.00000 0.00000 0.00000 0.00000 0.00000
0.00000 0.00000 0.00000 0.00000 0.00000 0.00000
0.00000 0.00000 0.00000 0.00000 0.00000 0.00000
0.00000 0.00000 0.00000 0.00000 0.00000 0.00000
0.00000 0.00000 0.00000 0.00000 0.00000 0.00000
0.00000 0.00000 0.00000 0.00000 0.00000 0.00000
0.00000 0.00000 0.00000 0.00000 0.00000 0.00000
0.00000 0.00000 0.00000 0.00000 0.00000 0.00000
0.00000 0.00000 0.00000 0.00000 0.00000 0.00000
0.00000 0.00000 0.00000 0.00000 0.00000 0.00000
0.00000 0.00000 0.00000 0.00000 0.00000 0.00000
0.00000 0.00000 0.00000 0.00000 0.00000 0.00000
0.00000 0.00000 0.00000 0.00000 0.00000 0.00000
0.00000 0.00000 0.00000 0.00000 0.00000 0.00000
0.00000 0.00000 0.00000 0.00000 0.00000 0.00000
0.00000 0.00000 0.00000 0.00000 0.00000 0.00000
0.00000 0.00000 0.00000 0.00000 0.00000 0.00000
0.00000 0.00000 0.00000 0.00000 0.00000 0.00000
0.00000 0.00000 0.00000 0.00000 0.00000 0.00000
0.00000 0.00000 0.00000 0.00000 0.00000 0.00000
0.00000 0.00000 0.00000 0.00000 0.00000 0.00000
0.00000 0.00000 0.00000 0.00000 0.37505 0.00000
0.00000 0.00000 0.00000 0.37505 0.37505 0.00000
0.00000 0.00000 0.00000 0.00000 0.00000 0.00000
0.00000 0.00000 0.00000 0.37505 0.00000 0.37505
0.00000 0.00000 0.00000 0.37505 0.37505 0.00000
0.00000 0.00000 0.00000 1.12515 0.37505 0.00000
0.00000 0.00000 0.00000 0.37505 0.37505 0.00000
0.00000 0.00000 0.00000 0.00000 0.00000 0.00000
0.00000 0.00000 0.00000 0.00000 0.37505 0.00000
0.00000 0.00000 0.37505 0.00000 0.00000 0.00000
0.00000 0.00000 0.00000 0.00000 0.37505 0.00000
0.00000 0.00000 0.00000 0.00000 0.00000 0.00000
0.00000 0.00000 0.00000 0.00000 0.00000 0.00000
0.00000 0.00000 0.00000 0.00000 0.00000 0.00000
0.00000 0.00000 0.00000 0.00000 0.00000 0.00000
0.00000 0.00000 0.00000 0.00000 0.00000 0.00000
0.00000 0.00000 0.00000 0.00000 0.00000 0.00000
0.00000 0.00000 0.00000 0.00000 0.00000 0.00000
0.00000 0.00000 0.00000 0.00000 0.00000 0.00000
0.00000 0.00000 0.00000 0.00000 0.00000 0.00000
0.00000 0.00000 0.00000 0.00000 0.00000 0.00000
0.00000 0.00000 0.00000 0.00000 0.00000 0.00000
0.00000 0.00000 0.00000 0.00000 0.00000 0.00000
0.00000 0.00000 0.00000 0.37505 0.00000 0.00000
0.00000 0.00000 0.00000 0.00000 0.00000 0.00000
0.00000 0.00000 0.00000 0.00000 0.00000 0.00000
0.00000 0.00000 0.00000 0.00000 0.00000 0.00000
0.00000 0.00000 0.00000 0.00000 0.00000 0.00000
0.00000 0.00000 0.00000 0.00000 0.00000 0.00000
0.00000 0.00000 0.00000 0.00000 0.00000 0.00000
0.00000 0.00000 0.00000 0.00000 0.00000 0.00000
0.00000 0.00000 0.00000 0.00000 0.00000 0.00000
0.00000 0.00000 0.00000 0.00000 0.00000 0.00000
0.00000 0.00000 0.00000 0.00000 0.00000 0.00000
0.00000 0.00000 0.00000 0.00000 0.00000 0.00000
0.00000 0.00000 0.00000 0.00000 0.00000 0.00000
0.00000 0.00000 0.00000 0.00000 0.00000 0.00000
0.00000 0.00000 0.00000 0.00000 0.00000 0.00000
0.00000 0.00000 0.00000 0.00000 0.00000 0.00000
0.00000 0.00000 0.00000 0.00000 0.00000 0.00000
0.00000 0.00000 0.00000 0.00000 0.00000 0.00000
0.00000 0.00000 0.00000 0.00000 0.00000 0.00000
0.00000 0.00000 0.00000 0.00000 0.00000 0.00000
0.00000 0.00000 0.00000 0.00000 0.00000 0.00000
0.00000 0.00000 0.00000 0.00000 0.00000 0.00000
0.00000 0.00000 0.00000 0.00000 0.00000 0.00000
0.00000 0.00000 0.00000 0.00000 0.00000 0.00000
0.00000 0.00000 0.00000 0.00000 0.00000 0.00000
0.00000 0.00000 0.00000 0.00000 0.00000 0.00000
0.00000 0.00000 0.00000 0.37505 0.00000 0.00000
0.00000 0.00000 0.00000 0.00000 0.00000 0.00000
0.00000 0.00000 0.00000 0.00000 0.00000 0.00000
0.00000 0.00000 0.00000 0.00000 0.00000 0.00000
0.00000 0.00000 0.00000 0.00000 0.00000 0.00000
0.00000 0.00000 0.00000 0.00000 0.00000 0.00000
0.00000 0.00000 0.00000 0.00000 0.00000 0.00000
0.00000 0.00000 0.00000 0.00000 0.00000 0.00000
0.00000 0.00000 0.00000 0.00000 0.00000 0.00000
0.00000 0.00000 0.00000 0.00000 0.00000 0.00000
0.00000 0.00000 0.00000 0.00000 0.00000 0.00000
0.00000 0.00000 0.00000 0.00000 0.00000 0.00000
0.00000 0.00000 0.00000 0.00000 0.00000 0.00000
0.00000 0.00000 0.00000 0.00000 0.00000 0.00000
0.00000 0.00000 0.00000 0.00000 0.00000 0.00000
0.00000 0.00000 0.00000 0.00000 0.00000 0.00000
0.00000 0.00000 0.00000 0.00000 0.00000 0.00000
0.00000 0.00000 0.00000 0.00000 0.00000 0.00000
0.00000 0.00000 0.00000 0.00000 0.00000 0.00000
0.00000 0.00000 0.00000 0.00000 0.00000 0.00000
0.00000 0.00000 0.00000 0.00000 0.00000 0.00000
0.00000 0.00000 0.00000 0.00000 0.00000 0.00000
0.00000 0.00000 0.00000 0.00000 0.00000 0.00000
0.00000 0.00000 0.00000 0.00000 0.00000 0.00000
0.00000 0.00000 0.00000 0.00000 0.00000 0.00000
0.00000 0.00000 0.00000 0.00000 0.00000 0.00000
0.00000 0.00000 0.00000 0.00000 0.00000 0.00000
0.00000 0.00000 0.00000 0.00000 0.00000 0.00000
0.00000 0.00000 0.00000 0.00000 0.37505 0.00000
0.00000 0.00000 0.00000 0.00000 0.00000 0.00000
0.00000 0.00000 0.00000 0.00000 0.00000 0.00000
0.00000 0.00000 0.00000 0.00000 0.00000 0.00000
0.00000 0.00000 0.00000 0.00000 0.00000 0.00000
0.00000 0.00000 0.00000 0.00000 0.00000 0.00000
0.00000 0.00000 0.00000 0.00000 0.00000 0.00000
0.00000 0.00000 0.00000 0.00000 0.00000 0.00000
0.00000 0.00000 0.00000 0.00000 0.00000 0.00000
0.00000 0.00000 0.00000 0.00000 0.00000 0.00000
0.00000 0.00000 0.00000 0.00000 0.00000 0.00000
0.00000 0.00000 0.00000 0.00000 0.00000 0.00000
0.00000 0.00000 0.00000 0.00000 0.00000 0.00000
0.00000 0.00000 0.00000 0.00000 0.00000 0.00000
0.00000 0.00000 0.00000 0.00000 0.00000 0.00000
0.00000 0.00000 0.00000 0.00000 0.00000 0.00000
0.00000 0.00000 0.00000 0.00000 0.00000 0.00000
0.00000 0.00000 0.00000 0.00000 0.00000 0.00000
0.00000 0.00000 0.00000 0.00000 0.00000 0.00000
0.00000 0.00000 0.00000 0.00000 0.00000 0.00000
0.00000 0.00000 0.00000 0.00000 0.00000 0.00000
0.00000 0.00000 0.00000 0.00000 0.00000 0.00000
0.00000 0.00000 0.00000 0.00000 0.00000 0.00000
0.00000 0.00000 0.00000 0.00000 0.00000 0.00000
0.00000 0.00000 0.00000 0.00000 0.00000 0.00000
0.00000 0.00000 0.00000 0.00000 0.00000 0.00000
0.00000 0.00000 0.00000 0.00000 0.00000 0.00000
0.00000 0.00000 0.00000 0.00000 0.00000 0.00000
0.00000 0.00000 0.00000 0.00000 0.00000 0.00000
0.00000 0.00000 0.00000 0.00000 0.00000 0.00000
0.00000 0.00000 0.00000 0.00000 0.00000 0.00000
0.00000 0.00000 0.00000 0.00000 0.00000 0.00000
0.00000 0.00000 0.00000 0.00000 0.00000 0.00000
0.00000 0.00000 0.00000 0.00000 0.00000 0.00000
0.00000 0.00000 0.00000 0.00000 0.00000 0.00000
0.00000 0.00000 0.00000 0.00000 0.00000 0.00000
0.00000 0.00000 0.00000 0.00000 0.00000 0.00000
0.00000 0.00000 0.00000 0.00000 0.00000 0.00000
0.00000 0.00000 0.00000 0.00000 0.00000 0.00000
0.00000 0.00000 0.00000 0.00000 0.00000 0.00000
0.00000 0.00000 0.00000 0.00000 0.00000 0.00000
0.00000 0.00000 0.00000 0.00000 0.00000 0.00000
0.00000 0.00000 0.00000 0.00000 0.00000 0.00000
0.00000 0.00000 0.00000 0.00000 0.00000 0.00000
0.00000 0.00000 0.00000 0.00000 0.00000 0.00000
0.00000 0.00000 0.00000 0.00000 0.00000 0.00000
0.00000 0.00000 0.00000 0.00000 0.00000 0.00000
0.00000 0.00000 0.00000 0.00000 0.00000 0.00000
0.00000 0.00000 0.00000 0.00000 0.00000 0.00000
0.00000 0.00000 0.00000 0.00000 0.00000 0.00000
0.00000 0.00000 0.00000 0.00000 0.00000 0.00000
0.00000 0.00000 0.00000 0.00000 0.00000 0.00000
0.00000 0.00000 0.00000 0.00000 0.00000 0.00000
0.00000 0.00000 0.00000 0.00000 0.00000 0.00000
0.00000 0.00000 0.00000 0.00000 0.00000 0.00000
0.00000 0.00000 0.00000 0.00000 0.00000 0.00000
0.00000 0.00000 0.00000 0.00000 0.00000 0.00000
0.00000 0.00000 0.00000 0.00000 0.00000 0.00000
0.00000 0.00000 0.00000 0.00000 0.00000 0.00000
0.00000 0.00000 0.00000 0.00000 0.00000 0.00000
0.00000 0.00000 0.00000 0.00000 0.00000 0.00000
0.00000 0.00000 0.00000 0.00000 0.00000 0.00000
0.00000 0.00000 0.00000 0.00000 0.00000 0.00000
0.00000 0.00000 0.00000 0.00000 0.00000 0.00000
0.00000 0.00000 0.00000 0.00000 0.00000 0.00000
0.00000 0.00000 0.00000 0.00000 0.00000 0.00000
0.00000 0.00000 0.00000 0.00000 0.00000 0.00000
0.00000 0.00000 0.00000 0.00000 0.00000 0.00000
0.00000 0.00000 0.00000 0.00000 0.00000 0.00000
0.00000 0.00000 0.00000 0.00000 0.00000 0.00000
0.00000 0.00000 0.00000 0.00000 0.00000 0.00000
0.00000 0.00000 0.00000 0.00000 0.00000 0.00000
0.00000 0.00000 0.00000 0.00000 0.00000 0.00000
0.00000 0.00000 0.00000 0.00000 0.00000 0.00000
0.00000 0.00000 0.00000 0.00000 0.00000 0.00000
0.00000 0.00000 0.00000 0.00000 0.00000 0.00000
0.00000 0.00000 0.00000 0.00000 0.00000 0.00000
