36.50088
36.47837
0.00000
0.00000
0.00000
36.52338
18.22794
0.00000
0.00000
34.34053
18.25044
0.00000
0.00000
0.00000
18.25044
0.00000
18.27294
18.27294
18.27294
0.00000
18.23919
18.23919
0.00000
18.25044
0.00000
0.00000
18.25044
0.00000
36.50088
0.00000
35.75826
36.47837
0.00000
18.26169
18.26169
36.54588
36.50088
18.23919
18.27294
18.27294
0.00000
0.00000
0.00000
18.25044
0.00000
0.00000
0.00000
35.89328
0.00000
0.00000
18.26169
18.23919
36.45587
54.75132
36.54588
0.00000
18.25044
0.00000
54.75132
36.52338
36.54588
18.26169
36.52338
0.00000
35.17316
18.25044
18.22794
0.00000
0.00000
18.25044
0.00000
18.23919
18.26169
18.25044
0.00000
36.52338
0.00000
18.26169
54.78507
18.23919
18.23919
18.27294
17.45156
18.25044
0.00000
0.00000
18.26169
35.15066
54.78507
18.27294
18.25044
18.27294
18.28419
18.25044
18.26169
36.54588
18.23919
18.22794
18.23919
54.75132
0.00000
36.54588
0.00000
18.27294
35.12816
18.26169
0.00000
36.52338
18.25044
18.23919
36.32085
54.78507
0.00000
18.25044
18.25044
18.27294
0.00000
36.54588
0.00000
36.50088
0.00000
0.00000
18.25044
0.00000
36.47837
18.25044
18.23919
18.26169
18.26169
0.00000
0.00000
36.02830
0.00000
36.47837
18.26169
36.50088
54.81883
0.00000
18.25044
18.27294
36.50088
18.23919
18.26169
18.23919
18.26169
36.50088
17.51907
18.27294
0.00000
36.47837
0.00000
0.00000
54.04245
18.28419
0.00000
18.27294
0.00000
36.52338
17.68785
0.00000
18.25044
18.25044
36.54588
18.23919
18.25044
36.16332
18.25044
18.25044
18.27294
18.01415
0.00000
18.25044
0.00000
18.23919
0.00000
36.45587
36.52338
18.25044
18.23919
36.07331
18.25044
36.52338
18.27294
0.00000
18.27294
17.36155
18.25044
36.47837
36.52338
18.26169
18.27294
0.00000
36.54588
18.25044
54.71756
35.69075
0.00000
18.26169
0.00000
18.23919
36.47837
18.27294
0.00000
0.00000
18.25044
36.50088
0.00000
0.00000
18.27294
18.23919
18.26169
0.00000
36.47837
18.26169
0.00000
18.25044
18.23919
0.00000
36.52338
0.00000
18.26169
18.26169
36.47837
18.25044
0.00000
36.50088
18.26169
54.78507
0.00000
18.22794
0.00000
0.00000
0.00000
17.67660
17.91288
18.25044
0.00000
18.25044
17.29403
0.00000
18.26169
18.23919
0.00000
18.26169
18.23919
36.50088
18.23919
18.27294
36.47837
35.15066
0.00000
18.26169
18.26169
18.26169
17.68785
36.54588
18.25044
18.23919
0.00000
0.00000
0.00000
18.26169
0.00000
0.00000
0.00000
18.26169
36.54588
18.27294
0.00000
0.00000
0.00000
0.00000
18.23919
0.00000
0.00000
18.25044
0.00000
35.10565
36.43337
54.81883
18.27294
0.00000
0.00000
0.00000
18.25044
72.95675
0.00000
36.52338
36.50088
36.52338
36.52338
0.00000
0.00000
36.50088
54.71756
0.00000
18.25044
18.23919
36.52338
18.26169
18.04791
0.00000
0.00000
36.45587
0.00000
0.00000
36.47837
36.52338
36.47837
18.25044
0.00000
17.92414
18.26169
18.26169
18.25044
0.00000
0.00000
17.98040
18.23919
18.26169
36.52338
18.26169
18.26169
36.47837
54.75132
0.00000
18.22794
36.50088
0.00000
18.27294
0.00000
36.54588
0.00000
0.00000
0.00000
16.33763
0.00000
0.00000
0.00000
0.00000
0.00000
0.00000
0.00000
0.00000
0.00000
0.00000
0.00000
0.00000
0.00000
0.00000
0.00000
0.00000
0.00000
0.00000
0.00000
0.00000
0.00000
0.00000
0.00000
0.00000
0.00000
0.00000
0.00000
0.00000
0.00000
0.00000
0.00000
0.00000
0.00000
0.00000
0.00000
18.23919
36.54588
0.00000
36.50088
36.50088
72.86673
36.52338
0.00000
17.17026
7.83126
2.37413
0.00000
0.00000
0.00000
0.00000
0.00000
0.00000
0.00000
0.00000
0.00000
0.00000
0.00000
0.00000
1.64276
0.00000
0.00000
0.00000
0.00000
0.00000
0.00000
0.00000
0.00000
0.00000
0.00000
0.00000
0.00000
0.00000
0.00000
0.00000
0.00000
0.00000
0.00000
0.00000
0.00000
0.00000
0.00000
0.00000
0.00000
0.00000
1.93531
0.00000
0.00000
0.00000
0.00000
0.00000
0.00000
0.00000
0.00000
0.00000
0.00000
0.00000
0.00000
0.00000
0.00000
0.00000
0.00000
0.00000
0.00000
0.00000
0.00000
0.00000
0.00000
0.00000
0.00000
0.00000
0.00000
0.00000
2.40789
0.00000
0.00000
0.00000
0.00000
0.00000
0.00000
0.00000
0.00000
0.00000
0.00000
0.00000
0.00000
0.00000
0.00000
0.00000
0.00000
0.00000
0.00000
0.00000
0.00000
0.00000
0.00000
0.00000
0.00000
0.00000
0.00000
0.00000
0.00000
0.00000
0.00000
0.00000
0.00000
0.00000
0.00000
0.00000
0.00000
0.00000
0.00000
0.00000
0.00000
0.00000
0.00000
0.00000
0.00000
0.00000
0.00000
0.00000
0.00000
0.00000
0.00000
0.00000
0.00000
0.00000
0.00000
0.00000
0.00000
0.00000
0.00000
0.00000
0.00000
0.00000
0.00000
0.00000
0.00000
0.00000
0.00000
0.00000
0.00000
0.00000
0.00000
0.00000
0.00000
0.00000
0.00000
0.00000
0.00000
