0.00000 0.00000 18.25044 0.00000 18.25044 0.00000
0.00000 18.23919 0.00000 0.00000 18.23919 0.00000
0.00000 0.00000 0.00000 0.00000 0.00000 0.00000
0.00000 0.00000 0.00000 0.00000 0.00000 0.00000
0.00000 0.00000 0.00000 0.00000 0.00000 0.00000
0.00000 0.00000 0.00000 0.00000 18.26169 18.26169
18.22794 0.00000 0.00000 0.00000 0.00000 0.00000
0.00000 0.00000 0.00000 0.00000 0.00000 0.00000
0.00000 0.00000 0.00000 0.00000 0.00000 0.00000
0.00000 0.00000 0.00000 0.00000 17.17026 17.17026
0.00000 18.25044 0.00000 0.00000 0.00000 0.00000
0.00000 0.00000 0.00000 0.00000 0.00000 0.00000
0.00000 0.00000 0.00000 0.00000 0.00000 0.00000
0.00000 0.00000 0.00000 0.00000 0.00000 0.00000
18.25044 0.00000 0.00000 0.00000 0.00000 0.00000
0.00000 0.00000 0.00000 0.00000 0.00000 0.00000
0.00000 0.00000 0.00000 0.00000 18.27294 0.00000
0.00000 0.00000 18.27294 0.00000 0.00000 0.00000
0.00000 0.00000 0.00000 0.00000 18.27294 0.00000
0.00000 0.00000 0.00000 0.00000 0.00000 0.00000
0.00000 0.00000 0.00000 0.00000 18.23919 0.00000
0.00000 0.00000 0.00000 0.00000 18.23919 0.00000
0.00000 0.00000 0.00000 0.00000 0.00000 0.00000
0.00000 0.00000 0.00000 18.25044 0.00000 0.00000
0.00000 0.00000 0.00000 0.00000 0.00000 0.00000
0.00000 0.00000 0.00000 0.00000 0.00000 0.00000
0.00000 0.00000 0.00000 0.00000 18.25044 0.00000
0.00000 0.00000 0.00000 0.00000 0.00000 0.00000
0.00000 0.00000 0.00000 18.25044 18.25044 0.00000
0.00000 0.00000 0.00000 0.00000 0.00000 0.00000
0.00000 0.00000 0.00000 0.00000 17.87913 17.87913
0.00000 0.00000 18.23919 18.23919 0.00000 0.00000
0.00000 0.00000 0.00000 0.00000 0.00000 0.00000
0.00000 0.00000 0.00000 0.00000 0.00000 18.26169
0.00000 0.00000 0.00000 0.00000 0.00000 18.26169
0.00000 0.00000 0.00000 0.00000 18.27294 18.27294
18.25044 0.00000 0.00000 0.00000 0.00000 18.25044
0.00000 0.00000 0.00000 0.00000 18.23919 0.00000
0.00000 0.00000 0.00000 0.00000 18.27294 0.00000
0.00000 0.00000 0.00000 0.00000 18.27294 0.00000
0.00000 0.00000 0.00000 0.00000 0.00000 0.00000
0.00000 0.00000 0.00000 0.00000 0.00000 0.00000
0.00000 0.00000 0.00000 0.00000 0.00000 0.00000
0.00000 18.25044 0.00000 0.00000 0.00000 0.00000
0.00000 0.00000 0.00000 0.00000 0.00000 0.00000
0.00000 0.00000 0.00000 0.00000 0.00000 0.00000
0.00000 0.00000 0.00000 0.00000 0.00000 0.00000
0.00000 0.00000 17.94664 0.00000 17.94664 0.00000
0.00000 0.00000 0.00000 0.00000 0.00000 0.00000
0.00000 0.00000 0.00000 0.00000 0.00000 0.00000
0.00000 0.00000 0.00000 0.00000 18.26169 0.00000
0.00000 0.00000 0.00000 0.00000 0.00000 18.23919
18.22794 0.00000 0.00000 0.00000 18.22794 0.00000
0.00000 0.00000 18.25044 0.00000 18.25044 18.25044
0.00000 0.00000 0.00000 0.00000 18.27294 18.27294
0.00000 0.00000 0.00000 0.00000 0.00000 0.00000
0.00000 0.00000 0.00000 0.00000 18.25044 0.00000
0.00000 0.00000 0.00000 0.00000 0.00000 0.00000
0.00000 18.25044 0.00000 0.00000 18.25044 18.25044
0.00000 18.26169 0.00000 0.00000 18.26169 0.00000
0.00000 0.00000 0.00000 18.27294 18.27294 0.00000
0.00000 18.26169 0.00000 0.00000 0.00000 0.00000
0.00000 0.00000 0.00000 18.26169 18.26169 0.00000
0.00000 0.00000 0.00000 0.00000 0.00000 0.00000
0.00000 0.00000 17.58658 0.00000 17.58658 0.00000
18.25044 0.00000 0.00000 0.00000 0.00000 0.00000
0.00000 0.00000 0.00000 0.00000 0.00000 18.22794
0.00000 0.00000 0.00000 0.00000 0.00000 0.00000
0.00000 0.00000 0.00000 0.00000 0.00000 0.00000
0.00000 0.00000 0.00000 0.00000 18.25044 0.00000
0.00000 0.00000 0.00000 0.00000 0.00000 0.00000
0.00000 0.00000 0.00000 0.00000 18.23919 0.00000
18.26169 0.00000 0.00000 0.00000 0.00000 0.00000
0.00000 0.00000 0.00000 18.25044 0.00000 0.00000
0.00000 0.00000 0.00000 0.00000 0.00000 0.00000
0.00000 0.00000 18.26169 18.26169 0.00000 0.00000
0.00000 0.00000 0.00000 0.00000 0.00000 0.00000
0.00000 18.26169 0.00000 0.00000 0.00000 0.00000
0.00000 18.26169 0.00000 0.00000 18.26169 18.26169
0.00000 0.00000 0.00000 0.00000 18.23919 0.00000
0.00000 0.00000 0.00000 0.00000 18.23919 0.00000
0.00000 0.00000 0.00000 0.00000 18.27294 0.00000
0.00000 0.00000 0.00000 0.00000 17.45156 0.00000
0.00000 0.00000 0.00000 0.00000 18.25044 0.00000
0.00000 0.00000 0.00000 0.00000 0.00000 0.00000
0.00000 0.00000 0.00000 0.00000 0.00000 0.00000
0.00000 18.26169 0.00000 0.00000 0.00000 0.00000
0.00000 17.57533 0.00000 0.00000 17.57533 0.00000
0.00000 18.26169 0.00000 18.26169 0.00000 18.26169
0.00000 18.27294 0.00000 0.00000 0.00000 0.00000
18.25044 0.00000 0.00000 0.00000 0.00000 0.00000
0.00000 0.00000 0.00000 0.00000 18.27294 0.00000
0.00000 18.28419 0.00000 0.00000 0.00000 0.00000
18.25044 0.00000 0.00000 0.00000 0.00000 0.00000
0.00000 0.00000 0.00000 0.00000 18.26169 0.00000
18.27294 0.00000 0.00000 18.27294 0.00000 0.00000
0.00000 0.00000 0.00000 18.23919 0.00000 0.00000
0.00000 0.00000 0.00000 18.22794 0.00000 0.00000
18.23919 0.00000 0.00000 0.00000 0.00000 0.00000
0.00000 0.00000 0.00000 18.25044 18.25044 18.25044
0.00000 0.00000 0.00000 0.00000 0.00000 0.00000
18.27294 18.27294 0.00000 0.00000 0.00000 0.00000
0.00000 0.00000 0.00000 0.00000 0.00000 0.00000
0.00000 0.00000 0.00000 0.00000 18.27294 0.00000
0.00000 0.00000 0.00000 17.56408 17.56408 0.00000
0.00000 0.00000 0.00000 0.00000 18.26169 0.00000
0.00000 0.00000 0.00000 0.00000 0.00000 0.00000
0.00000 0.00000 18.26169 18.26169 0.00000 0.00000
0.00000 0.00000 0.00000 0.00000 18.25044 0.00000
0.00000 0.00000 0.00000 0.00000 18.23919 0.00000
0.00000 0.00000 0.00000 18.16042 18.16042 0.00000
0.00000 0.00000 18.26169 18.26169 18.26169 0.00000
0.00000 0.00000 0.00000 0.00000 0.00000 0.00000
0.00000 0.00000 0.00000 18.25044 0.00000 0.00000
18.25044 0.00000 0.00000 0.00000 0.00000 0.00000
18.27294 0.00000 0.00000 0.00000 0.00000 0.00000
0.00000 0.00000 0.00000 0.00000 0.00000 0.00000
0.00000 18.27294 0.00000 0.00000 18.27294 0.00000
0.00000 0.00000 0.00000 0.00000 0.00000 0.00000
0.00000 0.00000 18.25044 0.00000 18.25044 0.00000
0.00000 0.00000 0.00000 0.00000 0.00000 0.00000
0.00000 0.00000 0.00000 0.00000 0.00000 0.00000
0.00000 0.00000 0.00000 18.25044 0.00000 0.00000
0.00000 0.00000 0.00000 0.00000 0.00000 0.00000
18.23919 0.00000 0.00000 0.00000 18.23919 0.00000
18.25044 0.00000 0.00000 0.00000 0.00000 0.00000
0.00000 0.00000 0.00000 0.00000 18.23919 0.00000
0.00000 0.00000 0.00000 0.00000 0.00000 18.26169
0.00000 0.00000 0.00000 18.26169 0.00000 0.00000
0.00000 0.00000 0.00000 0.00000 0.00000 0.00000
0.00000 0.00000 0.00000 0.00000 0.00000 0.00000
0.00000 0.00000 18.01415 18.01415 0.00000 0.00000
0.00000 0.00000 0.00000 0.00000 0.00000 0.00000
18.23919 0.00000 0.00000 0.00000 18.23919 0.00000
0.00000 18.26169 0.00000 0.00000 0.00000 0.00000
0.00000 0.00000 18.25044 0.00000 18.25044 0.00000
18.27294 0.00000 18.27294 0.00000 0.00000 18.27294
0.00000 0.00000 0.00000 0.00000 0.00000 0.00000
0.00000 18.25044 0.00000 0.00000 0.00000 0.00000
18.27294 0.00000 0.00000 0.00000 0.00000 0.00000
0.00000 0.00000 0.00000 0.00000 18.25044 18.25044
0.00000 18.23919 0.00000 0.00000 0.00000 0.00000
0.00000 0.00000 0.00000 0.00000 0.00000 18.26169
0.00000 0.00000 18.23919 0.00000 0.00000 0.00000
0.00000 0.00000 0.00000 18.26169 0.00000 0.00000
0.00000 0.00000 0.00000 18.25044 18.25044 0.00000
0.00000 0.00000 0.00000 0.00000 17.51907 0.00000
0.00000 0.00000 0.00000 0.00000 0.00000 18.27294
0.00000 0.00000 0.00000 0.00000 0.00000 0.00000
0.00000 0.00000 18.23919 0.00000 0.00000 18.23919
0.00000 0.00000 0.00000 0.00000 0.00000 0.00000
0.00000 0.00000 0.00000 0.00000 0.00000 0.00000
0.00000 18.01415 0.00000 18.01415 18.01415 0.00000
0.00000 18.28419 0.00000 0.00000 0.00000 0.00000
0.00000 0.00000 0.00000 0.00000 0.00000 0.00000
0.00000 0.00000 0.00000 0.00000 18.27294 0.00000
0.00000 0.00000 0.00000 0.00000 0.00000 0.00000
18.26169 0.00000 0.00000 18.26169 0.00000 0.00000
0.00000 0.00000 0.00000 0.00000 17.68785 0.00000
0.00000 0.00000 0.00000 0.00000 0.00000 0.00000
18.25044 0.00000 0.00000 0.00000 0.00000 0.00000
0.00000 0.00000 18.25044 0.00000 0.00000 0.00000
18.27294 0.00000 0.00000 0.00000 18.27294 0.00000
0.00000 0.00000 0.00000 0.00000 18.23919 0.00000
0.00000 0.00000 0.00000 0.00000 18.25044 0.00000
0.00000 0.00000 0.00000 18.08166 18.08166 0.00000
0.00000 0.00000 0.00000 0.00000 18.25044 0.00000
0.00000 0.00000 0.00000 18.25044 0.00000 0.00000
18.27294 0.00000 0.00000 0.00000 0.00000 0.00000
0.00000 0.00000 0.00000 0.00000 18.01415 0.00000
0.00000 0.00000 0.00000 0.00000 0.00000 0.00000
0.00000 0.00000 0.00000 0.00000 0.00000 18.25044
0.00000 0.00000 0.00000 0.00000 0.00000 0.00000
0.00000 0.00000 0.00000 0.00000 0.00000 18.23919
0.00000 0.00000 0.00000 0.00000 0.00000 0.00000
0.00000 18.22794 0.00000 0.00000 18.22794 0.00000
0.00000 18.26169 0.00000 18.26169 0.00000 0.00000
0.00000 0.00000 18.25044 0.00000 0.00000 0.00000
0.00000 0.00000 0.00000 0.00000 18.23919 0.00000
0.00000 0.00000 0.00000 18.03665 18.03665 0.00000
0.00000 0.00000 0.00000 0.00000 18.25044 0.00000
18.26169 0.00000 0.00000 18.26169 0.00000 0.00000
0.00000 18.27294 0.00000 0.00000 0.00000 0.00000
0.00000 0.00000 0.00000 0.00000 0.00000 0.00000
0.00000 0.00000 0.00000 18.27294 0.00000 0.00000
0.00000 0.00000 0.00000 0.00000 17.36155 0.00000
0.00000 0.00000 0.00000 0.00000 0.00000 18.25044
0.00000 0.00000 0.00000 18.23919 18.23919 0.00000
0.00000 18.26169 0.00000 0.00000 0.00000 18.26169
18.26169 0.00000 0.00000 0.00000 0.00000 0.00000
0.00000 0.00000 0.00000 0.00000 18.27294 0.00000
0.00000 0.00000 0.00000 0.00000 0.00000 0.00000
0.00000 0.00000 0.00000 18.27294 18.27294 0.00000
0.00000 18.25044 0.00000 0.00000 0.00000 0.00000
18.23919 0.00000 0.00000 18.23919 18.23919 0.00000
0.00000 17.84537 0.00000 0.00000 17.84537 0.00000
0.00000 0.00000 0.00000 0.00000 0.00000 0.00000
0.00000 0.00000 0.00000 0.00000 18.26169 0.00000
0.00000 0.00000 0.00000 0.00000 0.00000 0.00000
0.00000 18.23919 0.00000 0.00000 0.00000 0.00000
0.00000 18.23919 0.00000 0.00000 0.00000 18.23919
0.00000 0.00000 0.00000 0.00000 18.27294 0.00000
0.00000 0.00000 0.00000 0.00000 0.00000 0.00000
0.00000 0.00000 0.00000 0.00000 0.00000 0.00000
0.00000 0.00000 0.00000 0.00000 18.25044 0.00000
0.00000 18.25044 0.00000 18.25044 0.00000 0.00000
0.00000 0.00000 0.00000 0.00000 0.00000 0.00000
0.00000 0.00000 0.00000 0.00000 0.00000 0.00000
0.00000 0.00000 0.00000 0.00000 18.27294 0.00000
0.00000 0.00000 18.23919 0.00000 0.00000 0.00000
0.00000 0.00000 0.00000 0.00000 18.26169 0.00000
0.00000 0.00000 0.00000 0.00000 0.00000 0.00000
0.00000 0.00000 18.23919 0.00000 18.23919 0.00000
0.00000 0.00000 18.26169 0.00000 0.00000 0.00000
0.00000 0.00000 0.00000 0.00000 0.00000 0.00000
0.00000 18.25044 0.00000 0.00000 0.00000 0.00000
0.00000 0.00000 0.00000 18.23919 0.00000 0.00000
0.00000 0.00000 0.00000 0.00000 0.00000 0.00000
0.00000 0.00000 0.00000 0.00000 18.26169 18.26169
0.00000 0.00000 0.00000 0.00000 0.00000 0.00000
0.00000 18.26169 0.00000 0.00000 0.00000 0.00000
18.26169 0.00000 0.00000 0.00000 0.00000 0.00000
0.00000 18.23919 18.23919 0.00000 0.00000 0.00000
0.00000 0.00000 0.00000 0.00000 18.25044 0.00000
0.00000 0.00000 0.00000 0.00000 0.00000 0.00000
0.00000 0.00000 18.25044 0.00000 18.25044 0.00000
0.00000 0.00000 0.00000 0.00000 18.26169 0.00000
0.00000 18.26169 18.26169 0.00000 18.26169 0.00000
0.00000 0.00000 0.00000 0.00000 0.00000 0.00000
0.00000 0.00000 18.22794 0.00000 0.00000 0.00000
0.00000 0.00000 0.00000 0.00000 0.00000 0.00000
0.00000 0.00000 0.00000 0.00000 0.00000 0.00000
0.00000 0.00000 0.00000 0.00000 0.00000 0.00000
0.00000 17.67660 0.00000 0.00000 0.00000 0.00000
0.00000 0.00000 0.00000 0.00000 17.91288 0.00000
0.00000 0.00000 0.00000 0.00000 18.25044 0.00000
0.00000 0.00000 0.00000 0.00000 0.00000 0.00000
0.00000 0.00000 0.00000 0.00000 0.00000 18.25044
0.00000 0.00000 0.00000 0.00000 0.00000 17.29403
0.00000 0.00000 0.00000 0.00000 0.00000 0.00000
0.00000 0.00000 0.00000 0.00000 0.00000 18.26169
0.00000 18.23919 0.00000 0.00000 0.00000 0.00000
0.00000 0.00000 0.00000 0.00000 0.00000 0.00000
0.00000 0.00000 18.26169 0.00000 0.00000 0.00000
0.00000 0.00000 0.00000 0.00000 18.23919 0.00000
0.00000 18.25044 0.00000 18.25044 0.00000 0.00000
0.00000 0.00000 0.00000 0.00000 0.00000 18.23919
18.27294 0.00000 0.00000 0.00000 0.00000 0.00000
0.00000 18.23919 18.23919 0.00000 0.00000 0.00000
17.57533 0.00000 17.57533 0.00000 0.00000 0.00000
0.00000 0.00000 0.00000 0.00000 0.00000 0.00000
0.00000 18.26169 0.00000 0.00000 0.00000 0.00000
0.00000 0.00000 0.00000 0.00000 18.26169 0.00000
0.00000 0.00000 18.26169 0.00000 0.00000 0.00000
0.00000 0.00000 0.00000 0.00000 17.68785 0.00000
0.00000 18.27294 0.00000 0.00000 0.00000 18.27294
0.00000 0.00000 0.00000 0.00000 0.00000 18.25044
0.00000 0.00000 0.00000 0.00000 18.23919 0.00000
0.00000 0.00000 0.00000 0.00000 0.00000 0.00000
0.00000 0.00000 0.00000 0.00000 0.00000 0.00000
0.00000 0.00000 0.00000 0.00000 0.00000 0.00000
0.00000 0.00000 0.00000 0.00000 18.26169 0.00000
0.00000 0.00000 0.00000 0.00000 0.00000 0.00000
0.00000 0.00000 0.00000 0.00000 0.00000 0.00000
0.00000 0.00000 0.00000 0.00000 0.00000 0.00000
18.26169 0.00000 0.00000 0.00000 0.00000 0.00000
0.00000 18.27294 0.00000 0.00000 18.27294 0.00000
0.00000 0.00000 18.27294 0.00000 0.00000 0.00000
0.00000 0.00000 0.00000 0.00000 0.00000 0.00000
0.00000 0.00000 0.00000 0.00000 0.00000 0.00000
0.00000 0.00000 0.00000 0.00000 0.00000 0.00000
0.00000 0.00000 0.00000 0.00000 0.00000 0.00000
0.00000 0.00000 0.00000 0.00000 18.23919 0.00000
0.00000 0.00000 0.00000 0.00000 0.00000 0.00000
0.00000 0.00000 0.00000 0.00000 0.00000 0.00000
0.00000 0.00000 0.00000 0.00000 18.25044 0.00000
0.00000 0.00000 0.00000 0.00000 0.00000 0.00000
17.55283 0.00000 0.00000 0.00000 17.55283 0.00000
0.00000 18.21668 0.00000 0.00000 18.21668 0.00000
18.27294 0.00000 0.00000 0.00000 18.27294 18.27294
0.00000 0.00000 0.00000 0.00000 0.00000 18.27294
0.00000 0.00000 0.00000 0.00000 0.00000 0.00000
0.00000 0.00000 0.00000 0.00000 0.00000 0.00000
0.00000 0.00000 0.00000 0.00000 0.00000 0.00000
0.00000 18.25044 0.00000 0.00000 0.00000 0.00000
0.00000 18.23919 18.23919 0.00000 18.23919 18.23919
0.00000 0.00000 0.00000 0.00000 0.00000 0.00000
18.26169 0.00000 0.00000 18.26169 0.00000 0.00000
0.00000 18.25044 0.00000 0.00000 18.25044 0.00000
18.26169 0.00000 0.00000 0.00000 18.26169 0.00000
0.00000 0.00000 18.26169 0.00000 18.26169 0.00000
0.00000 0.00000 0.00000 0.00000 0.00000 0.00000
0.00000 0.00000 0.00000 0.00000 0.00000 0.00000
0.00000 0.00000 0.00000 18.25044 18.25044 0.00000
0.00000 0.00000 0.00000 18.23919 18.23919 18.23919
0.00000 0.00000 0.00000 0.00000 0.00000 0.00000
0.00000 0.00000 0.00000 0.00000 18.25044 0.00000
0.00000 0.00000 0.00000 0.00000 0.00000 18.23919
0.00000 18.26169 18.26169 0.00000 0.00000 0.00000
0.00000 0.00000 0.00000 0.00000 0.00000 18.26169
0.00000 18.04791 0.00000 0.00000 0.00000 0.00000
0.00000 0.00000 0.00000 0.00000 0.00000 0.00000
0.00000 0.00000 0.00000 0.00000 0.00000 0.00000
18.22794 0.00000 0.00000 0.00000 18.22794 0.00000
0.00000 0.00000 0.00000 0.00000 0.00000 0.00000
0.00000 0.00000 0.00000 0.00000 0.00000 0.00000
0.00000 18.23919 0.00000 0.00000 18.23919 0.00000
0.00000 18.26169 0.00000 0.00000 0.00000 18.26169
0.00000 18.23919 0.00000 18.23919 0.00000 0.00000
18.25044 0.00000 0.00000 0.00000 0.00000 0.00000
0.00000 0.00000 0.00000 0.00000 0.00000 0.00000
0.00000 0.00000 0.00000 0.00000 17.92414 0.00000
0.00000 0.00000 0.00000 0.00000 18.26169 0.00000
0.00000 18.26169 0.00000 0.00000 0.00000 0.00000
0.00000 0.00000 0.00000 0.00000 18.25044 0.00000
0.00000 0.00000 0.00000 0.00000 0.00000 0.00000
0.00000 0.00000 0.00000 0.00000 0.00000 0.00000
0.00000 0.00000 0.00000 0.00000 0.00000 17.98040
0.00000 0.00000 0.00000 0.00000 0.00000 18.23919
18.26169 0.00000 0.00000 0.00000 0.00000 0.00000
0.00000 0.00000 0.00000 18.26169 0.00000 18.26169
0.00000 18.26169 0.00000 0.00000 0.00000 0.00000
0.00000 0.00000 0.00000 0.00000 18.26169 0.00000
0.00000 18.23919 0.00000 0.00000 0.00000 18.23919
18.25044 18.25044 0.00000 0.00000 0.00000 18.25044
0.00000 0.00000 0.00000 0.00000 0.00000 0.00000
0.00000 0.00000 0.00000 0.00000 0.00000 18.22794
0.00000 18.25044 18.25044 0.00000 0.00000 0.00000
0.00000 0.00000 0.00000 0.00000 0.00000 0.00000
0.00000 0.00000 0.00000 0.00000 0.00000 18.27294
0.00000 0.00000 0.00000 0.00000 0.00000 0.00000
0.00000 0.00000 0.00000 18.27294 18.27294 0.00000
0.00000 0.00000 0.00000 0.00000 0.00000 0.00000
0.00000 0.00000 0.00000 0.00000 0.00000 0.00000
0.00000 0.00000 0.00000 0.00000 0.00000 0.00000
0.00000 0.00000 0.00000 8.16882 0.00000 8.16882
0.00000 0.00000 0.00000 0.00000 0.00000 0.00000
0.00000 0.00000 0.00000 0.00000 0.00000 0.00000
0.00000 0.00000 0.00000 0.00000 0.00000 0.00000
0.00000 0.00000 0.00000 0.00000 0.00000 0.00000
0.00000 0.00000 0.00000 0.00000 0.00000 0.00000
0.00000 0.00000 0.00000 0.00000 0.00000 0.00000
0.00000 0.00000 0.00000 0.00000 0.00000 0.00000
0.00000 0.00000 0.00000 0.00000 0.00000 0.00000
0.00000 0.00000 0.00000 0.00000 0.00000 0.00000
0.00000 0.00000 0.00000 0.00000 0.00000 0.00000
0.00000 0.00000 0.00000 0.00000 0.00000 0.00000
0.00000 0.00000 0.00000 0.00000 0.00000 0.00000
0.00000 0.00000 0.00000 0.00000 0.00000 0.00000
0.00000 0.00000 0.00000 0.00000 0.00000 0.00000
0.00000 0.00000 0.00000 0.00000 0.00000 0.00000
0.00000 0.00000 0.00000 0.00000 0.00000 0.00000
0.00000 0.00000 0.00000 0.00000 0.00000 0.00000
0.00000 0.00000 0.00000 0.00000 0.00000 0.00000
0.00000 0.00000 0.00000 0.00000 0.00000 0.00000
0.00000 0.00000 0.00000 0.00000 0.00000 0.00000
0.00000 0.00000 0.00000 0.00000 0.00000 0.00000
0.00000 0.00000 0.00000 0.00000 0.00000 0.00000
0.00000 0.00000 0.00000 0.00000 0.00000 0.00000
0.00000 0.00000 0.00000 0.00000 0.00000 0.00000
0.00000 0.00000 0.00000 0.00000 0.00000 0.00000
0.00000 0.00000 0.00000 0.00000 0.00000 0.00000
0.00000 0.00000 0.00000 0.00000 0.00000 0.00000
0.00000 0.00000 0.00000 0.00000 0.00000 0.00000
0.00000 0.00000 0.00000 0.00000 0.00000 0.00000
0.00000 0.00000 0.00000 0.00000 0.00000 0.00000
0.00000 0.00000 0.00000 0.00000 0.00000 0.00000
0.00000 0.00000 0.00000 0.00000 0.00000 0.00000
0.00000 0.00000 0.00000 0.00000 0.00000 0.00000
0.00000 0.00000 0.00000 0.00000 0.00000 0.00000
0.00000 0.00000 0.00000 0.00000 0.00000 0.00000
0.00000 0.00000 0.00000 0.00000 18.23919 0.00000
0.00000 0.00000 0.00000 18.27294 18.27294 0.00000
0.00000 0.00000 0.00000 0.00000 0.00000 0.00000
0.00000 0.00000 0.00000 18.25044 0.00000 18.25044
0.00000 0.00000 0.00000 18.25044 18.25044 0.00000
0.00000 0.00000 0.00000 54.65005 18.21668 0.00000
0.00000 0.00000 0.00000 18.26169 18.26169 0.00000
0.00000 0.00000 0.00000 0.00000 0.00000 0.00000
0.00000 0.00000 0.00000 0.00000 17.17026 0.00000
0.00000 0.00000 7.83126 0.00000 0.00000 0.00000
0.00000 0.00000 0.00000 0.00000 2.37413 0.00000
0.00000 0.00000 0.00000 0.00000 0.00000 0.00000
0.00000 0.00000 0.00000 0.00000 0.00000 0.00000
0.00000 0.00000 0.00000 0.00000 0.00000 0.00000
0.00000 0.00000 0.00000 0.00000 0.00000 0.00000
0.00000 0.00000 0.00000 0.00000 0.00000 0.00000
0.00000 0.00000 0.00000 0.00000 0.00000 0.00000
0.00000 0.00000 0.00000 0.00000 0.00000 0.00000
0.00000 0.00000 0.00000 0.00000 0.00000 0.00000
0.00000 0.00000 0.00000 0.00000 0.00000 0.00000
0.00000 0.00000 0.00000 0.00000 0.00000 0.00000
0.00000 0.00000 0.00000 0.00000 0.00000 0.00000
0.00000 0.00000 0.00000 0.00000 0.00000 0.00000
0.00000 0.00000 0.00000 1.64276 0.00000 0.00000
0.00000 0.00000 0.00000 0.00000 0.00000 0.00000
0.00000 0.00000 0.00000 0.00000 0.00000 0.00000
0.00000 0.00000 0.00000 0.00000 0.00000 0.00000
0.00000 0.00000 0.00000 0.00000 0.00000 0.00000
0.00000 0.00000 0.00000 0.00000 0.00000 0.00000
0.00000 0.00000 0.00000 0.00000 0.00000 0.00000
0.00000 0.00000 0.00000 0.00000 0.00000 0.00000
0.00000 0.00000 0.00000 0.00000 0.00000 0.00000
0.00000 0.00000 0.00000 0.00000 0.00000 0.00000
0.00000 0.00000 0.00000 0.00000 0.00000 0.00000
0.00000 0.00000 0.00000 0.00000 0.00000 0.00000
0.00000 0.00000 0.00000 0.00000 0.00000 0.00000
0.00000 0.00000 0.00000 0.00000 0.00000 0.00000
0.00000 0.00000 0.00000 0.00000 0.00000 0.00000
0.00000 0.00000 0.00000 0.00000 0.00000 0.00000
0.00000 0.00000 0.00000 0.00000 0.00000 0.00000
0.00000 0.00000 0.00000 0.00000 0.00000 0.00000
0.00000 0.00000 0.00000 0.00000 0.00000 0.00000
0.00000 0.00000 0.00000 0.00000 0.00000 0.00000
0.00000 0.00000 0.00000 0.00000 0.00000 0.00000
0.00000 0.00000 0.00000 0.00000 0.00000 0.00000
0.00000 0.00000 0.00000 0.00000 0.00000 0.00000
0.00000 0.00000 0.00000 0.00000 0.00000 0.00000
0.00000 0.00000 0.00000 0.00000 0.00000 0.00000
0.00000 0.00000 0.00000 0.00000 0.00000 0.00000
0.00000 0.00000 0.00000 1.93531 0.00000 0.00000
0.00000 0.00000 0.00000 0.00000 0.00000 0.00000
0.00000 0.00000 0.00000 0.00000 0.00000 0.00000
0.00000 0.00000 0.00000 0.00000 0.00000 0.00000
0.00000 0.00000 0.00000 0.00000 0.00000 0.00000
0.00000 0.00000 0.00000 0.00000 0.00000 0.00000
0.00000 0.00000 0.00000 0.00000 0.00000 0.00000
0.00000 0.00000 0.00000 0.00000 0.00000 0.00000
0.00000 0.00000 0.00000 0.00000 0.00000 0.00000
0.00000 0.00000 0.00000 0.00000 0.00000 0.00000
0.00000 0.00000 0.00000 0.00000 0.00000 0.00000
0.00000 0.00000 0.00000 0.00000 0.00000 0.00000
0.00000 0.00000 0.00000 0.00000 0.00000 0.00000
0.00000 0.00000 0.00000 0.00000 0.00000 0.00000
0.00000 0.00000 0.00000 0.00000 0.00000 0.00000
0.00000 0.00000 0.00000 0.00000 0.00000 0.00000
0.00000 0.00000 0.00000 0.00000 0.00000 0.00000
0.00000 0.00000 0.00000 0.00000 0.00000 0.00000
0.00000 0.00000 0.00000 0.00000 0.00000 0.00000
0.00000 0.00000 0.00000 0.00000 0.00000 0.00000
0.00000 0.00000 0.00000 0.00000 0.00000 0.00000
0.00000 0.00000 0.00000 0.00000 0.00000 0.00000
0.00000 0.00000 0.00000 0.00000 0.00000 0.00000
0.00000 0.00000 0.00000 0.00000 0.00000 0.00000
0.00000 0.00000 0.00000 0.00000 0.00000 0.00000
0.00000 0.00000 0.00000 0.00000 0.00000 0.00000
0.00000 0.00000 0.00000 0.00000 0.00000 0.00000
0.00000 0.00000 0.00000 0.00000 0.00000 0.00000
0.00000 0.00000 0.00000 0.00000 2.40789 0.00000
0.00000 0.00000 0.00000 0.00000 0.00000 0.00000
0.00000 0.00000 0.00000 0.00000 0.00000 0.00000
0.00000 0.00000 0.00000 0.00000 0.00000 0.00000
0.00000 0.00000 0.00000 0.00000 0.00000 0.00000
0.00000 0.00000 0.00000 0.00000 0.00000 0.00000
0.00000 0.00000 0.00000 0.00000 0.00000 0.00000
0.00000 0.00000 0.00000 0.00000 0.00000 0.00000
0.00000 0.00000 0.00000 0.00000 0.00000 0.00000
0.00000 0.00000 0.00000 0.00000 0.00000 0.00000
0.00000 0.00000 0.00000 0.00000 0.00000 0.00000
0.00000 0.00000 0.00000 0.00000 0.00000 0.00000
0.00000 0.00000 0.00000 0.00000 0.00000 0.00000
0.00000 0.00000 0.00000 0.00000 0.00000 0.00000
0.00000 0.00000 0.00000 0.00000 0.00000 0.00000
0.00000 0.00000 0.00000 0.00000 0.00000 0.00000
0.00000 0.00000 0.00000 0.00000 0.00000 0.00000
0.00000 0.00000 0.00000 0.00000 0.00000 0.00000
0.00000 0.00000 0.00000 0.00000 0.00000 0.00000
0.00000 0.00000 0.00000 0.00000 0.00000 0.00000
0.00000 0.00000 0.00000 0.00000 0.00000 0.00000
0.00000 0.00000 0.00000 0.00000 0.00000 0.00000
0.00000 0.00000 0.00000 0.00000 0.00000 0.00000
0.00000 0.00000 0.00000 0.00000 0.00000 0.00000
0.00000 0.00000 0.00000 0.00000 0.00000 0.00000
0.00000 0.00000 0.00000 0.00000 0.00000 0.00000
0.00000 0.00000 0.00000 0.00000 0.00000 0.00000
0.00000 0.00000 0.00000 0.00000 0.00000 0.00000
0.00000 0.00000 0.00000 0.00000 0.00000 0.00000
0.00000 0.00000 0.00000 0.00000 0.00000 0.00000
0.00000 0.00000 0.00000 0.00000 0.00000 0.00000
0.00000 0.00000 0.00000 0.00000 0.00000 0.00000
0.00000 0.00000 0.00000 0.00000 0.00000 0.00000
0.00000 0.00000 0.00000 0.00000 0.00000 0.00000
0.00000 0.00000 0.00000 0.00000 0.00000 0.00000
0.00000 0.00000 0.00000 0.00000 0.00000 0.00000
0.00000 0.00000 0.00000 0.00000 0.00000 0.00000
0.00000 0.00000 0.00000 0.00000 0.00000 0.00000
0.00000 0.00000 0.00000 0.00000 0.00000 0.00000
0.00000 0.00000 0.00000 0.00000 0.00000 0.00000
0.00000 0.00000 0.00000 0.00000 0.00000 0.00000
0.00000 0.00000 0.00000 0.00000 0.00000 0.00000
0.00000 0.00000 0.00000 0.00000 0.00000 0.00000
0.00000 0.00000 0.00000 0.00000 0.00000 0.00000
0.00000 0.00000 0.00000 0.00000 0.00000 0.00000
0.00000 0.00000 0.00000 0.00000 0.00000 0.00000
0.00000 0.00000 0.00000 0.00000 0.00000 0.00000
0.00000 0.00000 0.00000 0.00000 0.00000 0.00000
0.00000 0.00000 0.00000 0.00000 0.00000 0.00000
0.00000 0.00000 0.00000 0.00000 0.00000 0.00000
0.00000 0.00000 0.00000 0.00000 0.00000 0.00000
0.00000 0.00000 0.00000 0.00000 0.00000 0.00000
0.00000 0.00000 0.00000 0.00000 0.00000 0.00000
0.00000 0.00000 0.00000 0.00000 0.00000 0.00000
0.00000 0.00000 0.00000 0.00000 0.00000 0.00000
0.00000 0.00000 0.00000 0.00000 0.00000 0.00000
0.00000 0.00000 0.00000 0.00000 0.00000 0.00000
0.00000 0.00000 0.00000 0.00000 0.00000 0.00000
0.00000 0.00000 0.00000 0.00000 0.00000 0.00000
0.00000 0.00000 0.00000 0.00000 0.00000 0.00000
0.00000 0.00000 0.00000 0.00000 0.00000 0.00000
0.00000 0.00000 0.00000 0.00000 0.00000 0.00000
0.00000 0.00000 0.00000 0.00000 0.00000 0.00000
0.00000 0.00000 0.00000 0.00000 0.00000 0.00000
0.00000 0.00000 0.00000 0.00000 0.00000 0.00000
0.00000 0.00000 0.00000 0.00000 0.00000 0.00000
0.00000 0.00000 0.00000 0.00000 0.00000 0.00000
0.00000 0.00000 0.00000 0.00000 0.00000 0.00000
0.00000 0.00000 0.00000 0.00000 0.00000 0.00000
0.00000 0.00000 0.00000 0.00000 0.00000 0.00000
0.00000 0.00000 0.00000 0.00000 0.00000 0.00000
0.00000 0.00000 0.00000 0.00000 0.00000 0.00000
0.00000 0.00000 0.00000 0.00000 0.00000 0.00000
0.00000 0.00000 0.00000 0.00000 0.00000 0.00000
0.00000 0.00000 0.00000 0.00000 0.00000 0.00000
0.00000 0.00000 0.00000 0.00000 0.00000 0.00000
0.00000 0.00000 0.00000 0.00000 0.00000 0.00000
